19525.0 0.0035115587783637243
19530.0 0.003865468881970965
19535.0 0.003689907888658423
19540.0 0.004759256943778231
19545.0 0.005281565698045304
19550.0 0.005812975372250897
19555.0 0.0052577582518208285
19560.0 0.006664476240024065
19565.0 0.006462834829916504
19570.0 0.0073311344414192904
19575.0 0.008014119169000153
19580.0 0.009219475914442495
19585.0 0.010407746970566295
19590.0 0.01227825714762257
19595.0 0.01382209897670684
19600.0 0.013976193276788028
19605.0 0.015184604750074684
19610.0 0.01568471702036062
19615.0 0.01721326939432474
19620.0 0.018237240376940765
19625.0 0.02024610125672678
19630.0 0.021076212251347523
19635.0 0.021569580170586664
19640.0 0.023438818297512508
19645.0 0.026099079555370802
19650.0 0.028307837577589975
19655.0 0.031201611540653342
19660.0 0.034123506171431416
19665.0 0.03651370644182905
19670.0 0.039438429859042834
19675.0 0.04319147933374939
19680.0 0.04569251064330896
19685.0 0.04878189789969837
19690.0 0.05189954138864765
19695.0 0.054822965642761956
19700.0 0.05911878964452683
19705.0 0.06252635211133886
19710.0 0.06726272119042563
19715.0 0.07297255205023527
19720.0 0.07973678368157155
19725.0 0.08440978975202976
19730.0 0.09154587349423042
19735.0 0.09819507835444702
19740.0 0.10367909885167086
19745.0 0.1112269653298783
19750.0 0.1182877834700452
19755.0 0.12617344139177014
19760.0 0.13430416440292203
19765.0 0.14401092363447
19770.0 0.15208770539373204
19775.0 0.16195575064039702
19780.0 0.17249019651525144
19785.0 0.18384353313437535
19790.0 0.19538144129018692
19795.0 0.20753341752512727
19800.0 0.21940519478160297
19805.0 0.23262537228930746
19810.0 0.24671156965970198
19815.0 0.26113614818069036
19820.0 0.27742193261152887
19825.0 0.2939219479077622
19830.0 0.3112456868349951
19835.0 0.32883805428115814
19840.0 0.34689648462733064
19845.0 0.3657441576861358
19850.0 0.38443982640288943
19855.0 0.40478676756968973
19860.0 0.42333108039623435
19865.0 0.4418038895451984
19870.0 0.46074386870707423
19875.0 0.4795137004317876
19880.0 0.4987241224221045
19885.0 0.5184473455522146
19890.0 0.5398881346010694
19895.0 0.5594696743926729
19900.0 0.5791778904944235
19905.0 0.5986350924694587
19910.0 0.617139318771289
19915.0 0.6364356979110948
19920.0 0.654499480809237
19925.0 0.6708165174557136
19930.0 0.6848901547432038
19935.0 0.6982591146684731
19940.0 0.7118689688047667
19945.0 0.7247645362907316
19950.0 0.7366297476898733
19955.0 0.7476712219015311
19960.0 0.758934606727062
19965.0 0.7702215843544793
19970.0 0.7800431918634341
19975.0 0.7889489323161331
19980.0 0.7972631446046253
19985.0 0.8044254669226071
19990.0 0.8122506922957731
19995.0 0.8171612983515179
20000.0 0.822128484654805
20005.0 0.8243318381585305
20010.0 0.8288600293425589
20015.0 0.8328296255820984
20020.0 0.8360230859701185
20025.0 0.8381593100219339
20030.0 0.8402331380943495
20035.0 0.8426609824628346
20040.0 0.8444560327282457
20045.0 0.8469583970921158
20050.0 0.8480032043914333
20055.0 0.8493746777793086
20060.0 0.8521336392821011
20065.0 0.8556917691036059
20070.0 0.8577732724056717
20075.0 0.8597831342058979
20080.0 0.8616668574365294
20085.0 0.8628162507544749
20090.0 0.864955647023667
20095.0 0.8657702358435168
20100.0 0.8659674894714693
20105.0 0.8647747131436578
20110.0 0.8659166888051589
20115.0 0.867613592382087
20120.0 0.8688839140607449
20125.0 0.8707004084252467
20130.0 0.872454023295734
20135.0 0.8752820437900658
20140.0 0.8769282415960753
20145.0 0.8797039430978311
20150.0 0.8818071119215679
20155.0 0.8832099233828165
20160.0 0.8844037932670453
20165.0 0.8851060869474054
20170.0 0.8851068054410848
20175.0 0.8845877615401722
20180.0 0.8856276998021341
20185.0 0.8858197680747592
20190.0 0.8855647706010098
20195.0 0.8853825443361436
20200.0 0.8865236840144328
20205.0 0.886487472384876
20210.0 0.8877936193332822
20215.0 0.8890637647776414
20220.0 0.8878582837644242
20225.0 0.887310129572427
20230.0 0.8863136579186521
20235.0 0.8852525783190872
20240.0 0.8817031246476726
20245.0 0.8811250287002074
20250.0 0.8802262676679968
20255.0 0.8784482782383491
20260.0 0.8784362468583412
20265.0 0.8780578062960018
20270.0 0.8780179796039076
20275.0 0.8786285229970621
20280.0 0.8805955598627018
20285.0 0.8822059685495885
20290.0 0.8819924923284984
20295.0 0.883191131835863
20300.0 0.8823171068690661
20305.0 0.8821307052069688
20310.0 0.8805123772737105
20315.0 0.8800498255031907
20320.0 0.8797338554809161
20325.0 0.8786920464240908
20330.0 0.8770708512943572
20335.0 0.8756784783261863
20340.0 0.8761419564564813
20345.0 0.8758424914541051
20350.0 0.8768026000975795
20355.0 0.8772663787299481
20360.0 0.8762490255711899
20365.0 0.8751574461408776
20370.0 0.8747832035699104
20375.0 0.8749518914255732
20380.0 0.8745035287755136
20385.0 0.8747549247432097
20390.0 0.8743613664412208
20395.0 0.8729998141405972
20400.0 0.8721998120980871
20405.0 0.8728930613438607
20410.0 0.8744996154703167
20415.0 0.8754887643630387
20420.0 0.8765797947557281
20425.0 0.8767482837829513
20430.0 0.8759750896885717
20435.0 0.8762725822224509
20440.0 0.8781680272933606
20445.0 0.8785121857657725
20450.0 0.8779045841297579
20455.0 0.8769360930600243
20460.0 0.874996243724082
20465.0 0.8736102084124222
20470.0 0.8735738973686455
20475.0 0.8731396153871702
20480.0 0.8732047633329268
20485.0 0.8710759727534544
20490.0 0.870371937064834
20495.0 0.8703157476959285
20500.0 0.8696943478180905
20505.0 0.8700732538197316
20510.0 0.8708693064064195
20515.0 0.8719808364631112
20520.0 0.8702182878693278
20525.0 0.872535730487327
20530.0 0.8733698542013647
20535.0 0.8746496925321529
20540.0 0.8767561194310016
20545.0 0.8796340345665952
20550.0 0.88042385342982
20555.0 0.880229376621779
20560.0 0.8820879480548048
20565.0 0.8823489284570537
20570.0 0.8826006362238936
20575.0 0.8816808784565815
20580.0 0.8812069573143807
20585.0 0.8797559909607168
20590.0 0.8801836777124751
20595.0 0.8811233273614005
20600.0 0.8808904224385846
20605.0 0.8815511609750746
20610.0 0.8825194554757827
20615.0 0.8837675829298735
20620.0 0.8859293586955879
20625.0 0.8853612945466646
20630.0 0.8854733818200583
20635.0 0.8841680798925206
20640.0 0.884708759942721
20645.0 0.8848297877176532
20650.0 0.8849694330646543
20655.0 0.8851650440985661
20660.0 0.8851085768217282
20665.0 0.8864340259446712
20670.0 0.8871342048134467
20675.0 0.8897498674966609
20680.0 0.8922265174688181
20685.0 0.8929843769197958
20690.0 0.8943315141585505
20695.0 0.895417350158256
20700.0 0.8963071729483424
20705.0 0.8979177510912857
20710.0 0.8991172288412761
20715.0 0.899624485378902
20720.0 0.898437176833179
20725.0 0.8986539811712178
20730.0 0.8988707855092567
20735.0 0.8994904908265303
20740.0 0.900354063743765
20745.0 0.9025678489623257
20750.0 0.902532220261603
20755.0 0.9037907477987319
20760.0 0.9057439773848917
20765.0 0.9079795433552417
20770.0 0.9090616513217052
20775.0 0.9106792833554251
20780.0 0.9116496700735768
20785.0 0.9111458139541504
20790.0 0.9120695957379498
20795.0 0.9127493969510833
20800.0 0.9131850413592526
20805.0 0.9132447328199913
20810.0 0.9149593953916356
20815.0 0.9148876476973339
20820.0 0.9156813143427471
20825.0 0.9159765022742584
20830.0 0.91715652195014
20835.0 0.9179227434926501
20840.0 0.9198004612006409
20845.0 0.9205580540407564
20850.0 0.9208730818873573
20855.0 0.9236383991219735
20860.0 0.9242745981620751
20865.0 0.9257878497838485
20870.0 0.9280090300647127
20875.0 0.9289860052343394
20880.0 0.9289443280821085
20885.0 0.929799093803236
20890.0 0.9302860088358454
20895.0 0.9289507267428002
20900.0 0.929522457920785
20905.0 0.9283561800013747
20910.0 0.9256207254427332
20915.0 0.9237155558535973
20920.0 0.9223293058975994
20925.0 0.9211124894039127
20930.0 0.9202638444355444
20935.0 0.9207580325220968
20940.0 0.9203439587402068
20945.0 0.9227973819355596
20950.0 0.9250435987839111
20955.0 0.926031378471697
20960.0 0.9274457400577533
20965.0 0.9289269870789982
20970.0 0.9280019355044826
20975.0 0.928678160065118
20980.0 0.928577200406098
20985.0 0.9280872939092385
20990.0 0.926259660633293
20995.0 0.9266700493108085
21000.0 0.9264352397019181
21005.0 0.9270070160681847
21010.0 0.9297341107947077
21015.0 0.9281320777558377
21020.0 0.9295687216836105
21025.0 0.9275286379605696
21030.0 0.9287660467542364
21035.0 0.9279127609493352
21040.0 0.9268212741550006
21045.0 0.9264328944300968
21050.0 0.9251881335029942
21055.0 0.9265971922441907
21060.0 0.9249424538529359
21065.0 0.9267041144969836
21070.0 0.927419178385758
21075.0 0.928305899000304
21080.0 0.9281546357460727
21085.0 0.9272981280166849
21090.0 0.9265554721630922
21095.0 0.9253357365064062
21100.0 0.9256599443524385
21105.0 0.9253356867992963
21110.0 0.9244388168966757
21115.0 0.924800897041618
21120.0 0.9261651403044181
21125.0 0.9261362062476325
21130.0 0.9248754260746598
21135.0 0.9252088862213743
21140.0 0.9250074436397064
21145.0 0.9247102516079008
21150.0 0.9248142230658974
21155.0 0.9236467160252242
21160.0 0.9235303561997937
21165.0 0.9235477356129436
21170.0 0.9250191067352185
21175.0 0.9261274623151194
21180.0 0.9259920239971465
21185.0 0.9254734929832314
21190.0 0.926620733079553
21195.0 0.9272991063429841
21200.0 0.9280351760045162
21205.0 0.9284456957280488
21210.0 0.929000072346439
21215.0 0.927177107019995
21220.0 0.9290065704213504
21225.0 0.9293981110665606
21230.0 0.9284274599969605
21235.0 0.9291067144318854
21240.0 0.928164125285234
21245.0 0.9276914016324989
21250.0 0.9280153609429818
21255.0 0.9303179524321937
21260.0 0.9297970580711444
21265.0 0.9293622993532968
21270.0 0.9306957580991748
21275.0 0.9300012277656142
21280.0 0.9311044725508527
21285.0 0.9312174455145681
21290.0 0.9318498803708023
21295.0 0.9315779621449629
21300.0 0.9336639639404741
21305.0 0.9369831449064829
21310.0 0.9383489674997292
21315.0 0.9383957599654509
21320.0 0.9391457634336514
21325.0 0.9405416543095544
21330.0 0.9415139954208906
21335.0 0.9424770480809193
21340.0 0.9421868353792252
21345.0 0.9423786551163008
21350.0 0.9415863960858634
21355.0 0.9434088010776138
21360.0 0.9437648192145635
21365.0 0.9434257783150564
21370.0 0.9449985090126446
21375.0 0.9452389310061247
21380.0 0.9449962993056685
21385.0 0.9446761425890925
21390.0 0.9461052378144037
21395.0 0.9460750249292452
21400.0 0.9457932669550613
21405.0 0.9476875981348265
21410.0 0.9484217337379008
21415.0 0.9476077775539954
21420.0 0.9470450004340333
21425.0 0.9477017375481769
21430.0 0.9464315921038177
21435.0 0.9471076585054671
21440.0 0.947415779323207
21445.0 0.9452819028026268
21450.0 0.9427592127496386
21455.0 0.9429304944126723
21460.0 0.9441975602756321
21465.0 0.9445048473695743
21470.0 0.9450741270832758
21475.0 0.9463519748702541
21480.0 0.9477273796386392
21485.0 0.9516567108597518
21490.0 0.9515091643416919
21495.0 0.9508563586080581
21500.0 0.9486778157304113
21505.0 0.9456041246236776
21510.0 0.9459406214229239
21515.0 0.9457716149898749
21520.0 0.9461470008243696
21525.0 0.9444603821003612
21530.0 0.9444851882076117
21535.0 0.9470303097236461
21540.0 0.9470944544895484
21545.0 0.9491154258288356
21550.0 0.9495304508240557
21555.0 0.9496338755038436
21560.0 0.9488798977262657
21565.0 0.9490609739493623
21570.0 0.9504506740306695
21575.0 0.948340891901903
21580.0 0.9518567209728891
21585.0 0.9516675989762323
21590.0 0.9521709738404585
21595.0 0.9513473360671941
21600.0 0.948688209035207
21605.0 0.9487320800785155
21610.0 0.9476235776366988
21615.0 0.9481163219576504
21620.0 0.9453851896581557
21625.0 0.9464344434843943
21630.0 0.9454021714144262
21635.0 0.9455718285587319
21640.0 0.9494965008679991
21645.0 0.9504885847396191
21650.0 0.9528995987325771
21655.0 0.9543917858368265
21660.0 0.9561977694069999
21665.0 0.9556255050072909
21670.0 0.9571875961239479
21675.0 0.9565759139860939
21680.0 0.955238883106546
21685.0 0.9559981366160151
21690.0 0.9560519423030597
21695.0 0.9556056876863424
21700.0 0.9551787375035761
21705.0 0.9561148172782457
21710.0 0.9533723359417966
21715.0 0.9548969863076343
21720.0 0.9559707525172922
21725.0 0.9531376844918923
21730.0 0.9497729627755653
21735.0 0.948763793214627
21740.0 0.9500430350600966
21745.0 0.9488563907821147
21750.0 0.9486028031827552
21755.0 0.9478771245666047
21760.0 0.9482621377645202
21765.0 0.9494438813733496
21770.0 0.9509211924952566
21775.0 0.9512871904642242
21780.0 0.9489368620742026
21785.0 0.9491842408036536
21790.0 0.9490476185526997
21795.0 0.9489797751259386
21800.0 0.9459170828469755
21805.0 0.944015575768073
21810.0 0.9425763086605465
21815.0 0.94279239676432
21820.0 0.9425549210468082
21825.0 0.9433034717117516
21830.0 0.9453642584460626
21835.0 0.9459754615881305
21840.0 0.9447906655108709
21845.0 0.9444640378323524
21850.0 0.9461612577272526
21855.0 0.9440569343429178
21860.0 0.9448260931237398
21865.0 0.943747866830676
21870.0 0.942609752507848
21875.0 0.940798843414967
21880.0 0.9418938435982055
21885.0 0.9418915164016969
21890.0 0.9400393391105345
21895.0 0.9406498169806806
21900.0 0.9382619167938226
21905.0 0.9372685156837905
21910.0 0.9362745632767215
21915.0 0.9352701565606765
21920.0 0.9350774262797241
21925.0 0.9356473905958937
21930.0 0.9345724924197787
21935.0 0.9328725476714907
21940.0 0.9336106508057002
21945.0 0.9345671579431215
21950.0 0.9346610659707791
21955.0 0.9358660815446944
21960.0 0.93377699790837
21965.0 0.9336719871198936
21970.0 0.9322563534837068
21975.0 0.932339427620822
21980.0 0.9308133967529779
21985.0 0.9291176861466871
21990.0 0.9292693719113526
21995.0 0.9291129165235515
22000.0 0.9317200092491374
22005.0 0.931882045389731
22010.0 0.9350377871189989
22015.0 0.9381650218207435
22020.0 0.9388656683882348
22025.0 0.9411888295832858
22030.0 0.9418006924742667
22035.0 0.9431396144834046
22040.0 0.9436125708557905
22045.0 0.9432887041812852
22050.0 0.9421076881037916
22055.0 0.9410854997988896
22060.0 0.9443193155819002
22065.0 0.9424494538566864
22070.0 0.9431118033554196
22075.0 0.9431957880364114
22080.0 0.9448362152988453
22085.0 0.9449902937830277
22090.0 0.9474302440921857
22095.0 0.9500209673627183
22100.0 0.9490275730309286
22105.0 0.9514398364798762
22110.0 0.9509057109899393
22115.0 0.9507410019624818
22120.0 0.9516156686028792
22125.0 0.9536603886436245
22130.0 0.9542859119521694
22135.0 0.9540914215876442
22140.0 0.9549472379363216
22145.0 0.9556832601501579
22150.0 0.9560291583714162
22155.0 0.9565653331499292
22160.0 0.9571817623167779
22165.0 0.9597114249216356
22170.0 0.9608696322139306
22175.0 0.9606454350730023
22180.0 0.9625157961287288
22185.0 0.9621513232642694
22190.0 0.9638822897679586
22195.0 0.9633272036935454
22200.0 0.9621397663612193
22205.0 0.9605403000167512
22210.0 0.9604755723220146
22215.0 0.9621172761534073
22220.0 0.9620225569960926
22225.0 0.9625001542050114
22230.0 0.9633997738145745
22235.0 0.9651939383896639
22240.0 0.9665868174665904
22245.0 0.9677892347143068
22250.0 0.9688513333096245
22255.0 0.9685863334097167
22260.0 0.9683613522521003
22265.0 0.9704401804078883
22270.0 0.9731437772279168
22275.0 0.976261183478387
22280.0 0.9780106500646124
22285.0 0.9797507333041386
22290.0 0.9813504843347817
22295.0 0.9823060718906699
22300.0 0.9842999189638543
22305.0 0.9849741800936491
22310.0 0.9831383496633992
22315.0 0.9827234082665003
22320.0 0.9821972359141461
22325.0 0.9818624065624952
22330.0 0.9799834755491403
22335.0 0.9803240212184288
22340.0 0.9795642593407906
22345.0 0.9777034510878198
22350.0 0.9782757109687007
22355.0 0.9754135032798332
22360.0 0.9749647971988326
22365.0 0.9750716426315468
22370.0 0.9772102706999497
22375.0 0.9770343662756961
22380.0 0.9806203727481945
22385.0 0.9814868422342876
22390.0 0.9815846590483139
22395.0 0.9814901432382672
22400.0 0.982164772652558
22405.0 0.9815436777956217
22410.0 0.9809627146516812
22415.0 0.9774845138628836
22420.0 0.9725457690641113
22425.0 0.9729146636019371
22430.0 0.9725842604424808
22435.0 0.9738554158449366
22440.0 0.9726629603539254
22445.0 0.9721392823947222
22450.0 0.9714123791761372
22455.0 0.9738103405339202
22460.0 0.9751435981919445
22465.0 0.9763961405411594
22470.0 0.977466375286601
22475.0 0.9793596309852612
22480.0 0.9807863493069542
22485.0 0.980770802278628
22490.0 0.9809075939856385
22495.0 0.9822031713949501
22500.0 0.9825943324585934
22505.0 0.9810228331416821
22510.0 0.9806406487302025
22515.0 0.9790271265707051
22520.0 0.9775756134388321
22525.0 0.977344798474046
22530.0 0.9771850511199216
22535.0 0.9760271849991534
22540.0 0.973768681457002
22545.0 0.9742190075379024
22550.0 0.9741497497179233
22555.0 0.9732649880153899
22560.0 0.9720942929414412
22565.0 0.9721363948635203
22570.0 0.9732595134550593
22575.0 0.97448504676829
22580.0 0.9779251899862226
22585.0 0.9766006649636407
22590.0 0.9755510744847032
22595.0 0.9752258544211604
22600.0 0.9758297370615895
22605.0 0.9758004731303472
22610.0 0.975842620240708
22615.0 0.97570074259259
22620.0 0.975027184140576
22625.0 0.9750995735084782
22630.0 0.9748753424763384
22635.0 0.9746918306048573
22640.0 0.97559258895912
22645.0 0.976309458119749
22650.0 0.9751739873114016
22655.0 0.9747954880042962
22660.0 0.9729319752326642
22665.0 0.9741401223545029
22670.0 0.9763936145162113
22675.0 0.9772852290216677
22680.0 0.9793762399382077
22685.0 0.9780750094748529
22690.0 0.9776343807992098
22695.0 0.9784343760634779
22700.0 0.9802296296761567
22705.0 0.9803634592913004
22710.0 0.9790605365267951
22715.0 0.9793890033683796
22720.0 0.9792452481471561
22725.0 0.9818226295775107
22730.0 0.9840107410738118
22735.0 0.9858606928420992
22740.0 0.9879271552245945
22745.0 0.9897888695026139
22750.0 0.9926587795341006
22755.0 0.9969694185140276
22760.0 0.9971164905551294
22765.0 0.9985699942308119
22770.0 0.9990465498498371
22775.0 0.9997496343251271
22780.0 1.0
22785.0 0.9994987602820851
22790.0 0.9993267533471298
22795.0 0.9991236726902495
22800.0 0.9992913121777764
22805.0 0.9965837817178244
22810.0 0.9959673796639446
22815.0 0.9947732680224085
22820.0 0.9936713449944103
22825.0 0.9916096206032536
22830.0 0.9906094954769015
22835.0 0.9878959256030975
22840.0 0.9860067526656906
22845.0 0.9859335521681315
22850.0 0.9840739097728288
22855.0 0.9821927035294894
22860.0 0.9806927914884798
22865.0 0.9805456607026117
22870.0 0.9770189706281138
22875.0 0.9748861153627008
22880.0 0.9735793606319056
22885.0 0.9713825865419988
22890.0 0.9695054110933888
22895.0 0.966706541559595
22900.0 0.9667210447386131
22905.0 0.965307110181819
22910.0 0.9643065715826892
22915.0 0.9635540217548136
22920.0 0.9617239076422015
22925.0 0.9602865610366479
22930.0 0.9585998157854506
22935.0 0.9570366107776492
22940.0 0.95305731035461
22945.0 0.9508284525846814
22950.0 0.949832647458062
22955.0 0.9467306052233767
22960.0 0.9448306481025373
22965.0 0.9424731641481053
22970.0 0.9399484880701355
22975.0 0.9355746261652532
22980.0 0.9310637759843351
22985.0 0.9252525584362432
22990.0 0.9211113190274162
22995.0 0.915523835440365
23000.0 0.9115551904141554
23005.0 0.9072624708473448
23010.0 0.9011897713070769
23015.0 0.8961231549681058
23020.0 0.8906381584039968
23025.0 0.8839229515394993
23030.0 0.8741555338179836
23035.0 0.8637071987327759
23040.0 0.8518174749502149
23045.0 0.8386832862237965
23050.0 0.8269182165757757
23055.0 0.8146166377559572
23060.0 0.8011529790081
23065.0 0.7871101578693291
23070.0 0.7728943740634445
23075.0 0.7594961027592372
23080.0 0.7430569809320362
23085.0 0.7273513168836842
23090.0 0.7092807015173457
23095.0 0.690262930728488
23100.0 0.6710072120045741
23105.0 0.6503962357076808
23110.0 0.6278965338373694
23115.0 0.6064315622795518
23120.0 0.586284082188266
23125.0 0.5635362830948243
23130.0 0.5409771812281913
23135.0 0.5178541951286941
23140.0 0.49519170925172673
23145.0 0.47387902898154965
23150.0 0.4542936346295155
23155.0 0.4318955589453796
23160.0 0.40825282626718895
23165.0 0.38798096543046745
23170.0 0.3691975433300266
23175.0 0.3500813343882688
23180.0 0.33045405953673607
23185.0 0.31192883649980424
23190.0 0.293751884068921
23195.0 0.27757949737164617
23200.0 0.2623121912877806
23205.0 0.24653495352001126
23210.0 0.23140116073331723
23215.0 0.21791831730045563
23220.0 0.20475491886873307
23225.0 0.19263532907530176
23230.0 0.18089889976023552
23235.0 0.16823344456127623
23240.0 0.1573478202144446
23245.0 0.14828519508526822
23250.0 0.1383046106823923
23255.0 0.12962277816561874
23260.0 0.12177806308654672
23265.0 0.11316251048198679
23270.0 0.10505849374533176
23275.0 0.09951727166169196
23280.0 0.09301635440735545
23285.0 0.08667046685053174
23290.0 0.08015345578966049
23295.0 0.0737704844694428
23300.0 0.06886933632106201
23305.0 0.06502972191447746
23310.0 0.06094618568199352
23315.0 0.05793552770943176
23320.0 0.053774940937786085
23325.0 0.04961256471018428
23330.0 0.04802075100122546
23335.0 0.046386071688226525
23340.0 0.0423881717684312
23345.0 0.0393063354739173
23350.0 0.036159866380058484
23355.0 0.03218885574730098
23360.0 0.031055700838391747
23365.0 0.029774242507703812
23370.0 0.026021075543464774
23375.0 0.02282612620156206
23380.0 0.021700551626911445
23385.0 0.019338121815045173
23390.0 0.018803210049006237
23395.0 0.01853236278544364
23400.0 0.016220604853284717
23405.0 0.01291368346810663
23410.0 0.012651977793936104
23415.0 0.01117336299010137
23420.0 0.01160965585011336
23425.0 0.011612134427365734
23430.0 0.010746428623233707
23435.0 0.009255549719740018
23440.0 0.009310485113827698
23445.0 0.009630302918290866
23450.0 0.009653550029822006
23455.0 0.009655608356054377
23460.0 0.007176992693642293
23465.0 0.005322922013475959
23470.0 0.004390755544003422
23475.0 0.002164021623315816
