# redshift	D_L [Mpc]	Age [yr]
1.00000000e-05	4.43090092e-02	1.37867408e+10
1.02096066e-05	4.52377626e-02	1.37867378e+10
1.04236067e-05	4.61859837e-02	1.37867347e+10
1.06420924e-05	4.71540804e-02	1.37867315e+10
1.08651577e-05	4.81424694e-02	1.37867283e+10
1.10928986e-05	4.91515760e-02	1.37867250e+10
1.13254132e-05	5.01818345e-02	1.37867216e+10
1.15628013e-05	5.12336884e-02	1.37867182e+10
1.18051653e-05	5.23075901e-02	1.37867147e+10
1.20526094e-05	5.34040020e-02	1.37867111e+10
1.23052400e-05	5.45233958e-02	1.37867075e+10
1.25631660e-05	5.56662533e-02	1.37867037e+10
1.28264983e-05	5.68330663e-02	1.37866999e+10
1.30953502e-05	5.80243370e-02	1.37866961e+10
1.33698374e-05	5.92405780e-02	1.37866921e+10
1.36500781e-05	6.04823127e-02	1.37866880e+10
1.39361927e-05	6.17500756e-02	1.37866839e+10
1.42283046e-05	6.30444122e-02	1.37866797e+10
1.45265393e-05	6.43658795e-02	1.37866754e+10
1.48310251e-05	6.57150463e-02	1.37866710e+10
1.51418933e-05	6.70924932e-02	1.37866665e+10
1.54592774e-05	6.84988130e-02	1.37866619e+10
1.57833141e-05	6.99346108e-02	1.37866572e+10
1.61141428e-05	7.14005047e-02	1.37866524e+10
1.64519059e-05	7.28971254e-02	1.37866475e+10
1.67967487e-05	7.44251171e-02	1.37866426e+10
1.71488197e-05	7.59851374e-02	1.37866375e+10
1.75082703e-05	7.75778576e-02	1.37866323e+10
1.78752553e-05	7.92039631e-02	1.37866270e+10
1.82499324e-05	8.08641539e-02	1.37866216e+10
1.86324631e-05	8.25591443e-02	1.37866160e+10
1.90230119e-05	8.42896639e-02	1.37866104e+10
1.94217468e-05	8.60564574e-02	1.37866046e+10
1.98288395e-05	8.78602851e-02	1.37865987e+10
2.02444651e-05	8.97019235e-02	1.37865927e+10
2.06688025e-05	9.15821650e-02	1.37865866e+10
2.11020343e-05	9.35018189e-02	1.37865803e+10
2.15443469e-05	9.54617113e-02	1.37865740e+10
2.19959307e-05	9.74626858e-02	1.37865674e+10
2.24569800e-05	9.95056034e-02	1.37865608e+10
2.29276931e-05	1.01591343e-01	1.37865540e+10
2.34082728e-05	1.03720803e-01	1.37865470e+10
2.38989257e-05	1.05894900e-01	1.37865399e+10
2.43998630e-05	1.08114569e-01	1.37865327e+10
2.49113003e-05	1.10380765e-01	1.37865253e+10
2.54334576e-05	1.12694464e-01	1.37865178e+10
2.59665597e-05	1.15056662e-01	1.37865101e+10
2.65108360e-05	1.17468375e-01	1.37865022e+10
2.70665207e-05	1.19930641e-01	1.37864942e+10
2.76338529e-05	1.22444519e-01	1.37864860e+10
2.82130768e-05	1.25011093e-01	1.37864776e+10
2.88044415e-05	1.27631466e-01	1.37864690e+10
2.94082017e-05	1.30306767e-01	1.37864603e+10
3.00246171e-05	1.33038146e-01	1.37864514e+10
3.06539530e-05	1.35826779e-01	1.37864423e+10
3.12964801e-05	1.38673866e-01	1.37864330e+10
3.19524751e-05	1.41580634e-01	1.37864235e+10
3.26222201e-05	1.44548332e-01	1.37864139e+10
3.33060034e-05	1.47578238e-01	1.37864040e+10
3.40041193e-05	1.50671656e-01	1.37863939e+10
3.47168682e-05	1.53829918e-01	1.37863836e+10
3.54445567e-05	1.57054382e-01	1.37863731e+10
3.61874981e-05	1.60346438e-01	1.37863624e+10
3.69460121e-05	1.63707500e-01	1.37863514e+10
3.77204249e-05	1.67139017e-01	1.37863402e+10
3.85110700e-05	1.70642465e-01	1.37863288e+10
3.93182876e-05	1.74219352e-01	1.37863171e+10
4.01424249e-05	1.77871217e-01	1.37863052e+10
4.09838367e-05	1.81599633e-01	1.37862930e+10
4.18428851e-05	1.85406204e-01	1.37862806e+10
4.27199397e-05	1.89292568e-01	1.37862680e+10
4.36153779e-05	1.93260398e-01	1.37862550e+10
4.45295851e-05	1.97311402e-01	1.37862418e+10
4.54629547e-05	2.01447324e-01	1.37862283e+10
4.64158883e-05	2.05669944e-01	1.37862145e+10
4.73887961e-05	2.09981079e-01	1.37862005e+10
4.83820966e-05	2.14382584e-01	1.37861861e+10
4.93962174e-05	2.18876355e-01	1.37861715e+10
5.04315949e-05	2.23464326e-01	1.37861565e+10
5.14886745e-05	2.28148471e-01	1.37861412e+10
5.25679112e-05	2.32930807e-01	1.37861256e+10
5.36697695e-05	2.37813392e-01	1.37861097e+10
5.47947234e-05	2.42798327e-01	1.37860935e+10
5.59432571e-05	2.47887759e-01	1.37860769e+10
5.71158648e-05	2.53083879e-01	1.37860599e+10
5.83130511e-05	2.58388921e-01	1.37860426e+10
5.95353313e-05	2.63805171e-01	1.37860250e+10
6.07832313e-05	2.69334960e-01	1.37860069e+10
6.20572881e-05	2.74980668e-01	1.37859885e+10
6.33580499e-05	2.80744725e-01	1.37859697e+10
6.46860766e-05	2.86629612e-01	1.37859505e+10
6.60419396e-05	2.92637863e-01	1.37859309e+10
6.74262224e-05	2.98772063e-01	1.37859109e+10
6.88395207e-05	3.05034854e-01	1.37858905e+10
7.02824426e-05	3.11428931e-01	1.37858697e+10
7.17556092e-05	3.17957046e-01	1.37858484e+10
7.32596543e-05	3.24622011e-01	1.37858266e+10
7.47952252e-05	3.31426693e-01	1.37858045e+10
7.63629826e-05	3.38374023e-01	1.37857818e+10
7.79636013e-05	3.45466991e-01	1.37857587e+10
7.95977700e-05	3.52708649e-01	1.37857351e+10
8.12661920e-05	3.60102117e-01	1.37857109e+10
8.29695852e-05	3.67650576e-01	1.37856863e+10
8.47086827e-05	3.75357276e-01	1.37856612e+10
8.64842328e-05	3.83225534e-01	1.37856355e+10
8.82969996e-05	3.91258739e-01	1.37856094e+10
9.01477631e-05	3.99460348e-01	1.37855826e+10
9.20373200e-05	4.07833892e-01	1.37855553e+10
9.39664831e-05	4.16382976e-01	1.37855274e+10
9.59360829e-05	4.25111281e-01	1.37854990e+10
9.79469667e-05	4.34022564e-01	1.37854699e+10
1.00000000e-04	4.43120662e-01	1.37854403e+10
1.02096066e-04	4.52409491e-01	1.37854100e+10
1.04236067e-04	4.61893051e-01	1.37853790e+10
1.06420924e-04	4.71575425e-01	1.37853475e+10
1.08651577e-04	4.81460782e-01	1.37853152e+10
1.10928986e-04	4.91553377e-01	1.37852823e+10
1.13254132e-04	5.01857555e-01	1.37852487e+10
1.15628013e-04	5.12377754e-01	1.37852144e+10
1.18051653e-04	5.23118503e-01	1.37851794e+10
1.20526094e-04	5.34084427e-01	1.37851437e+10
1.23052400e-04	5.45280246e-01	1.37851072e+10
1.25631660e-04	5.56710781e-01	1.37850699e+10
1.28264983e-04	5.68380955e-01	1.37850318e+10
1.30953502e-04	5.80295792e-01	1.37849930e+10
1.33698374e-04	5.92460423e-01	1.37849533e+10
1.36500781e-04	6.04880085e-01	1.37849129e+10
1.39361927e-04	6.17560126e-01	1.37848715e+10
1.42283046e-04	6.30506007e-01	1.37848293e+10
1.45265393e-04	6.43723302e-01	1.37847862e+10
1.48310251e-04	6.57217703e-01	1.37847422e+10
1.51418933e-04	6.70995020e-01	1.37846973e+10
1.54592774e-04	6.85061186e-01	1.37846514e+10
1.57833141e-04	6.99422260e-01	1.37846046e+10
1.61141428e-04	7.14084424e-01	1.37845568e+10
1.64519059e-04	7.29053994e-01	1.37845080e+10
1.67967487e-04	7.44337416e-01	1.37844582e+10
1.71488197e-04	7.59941271e-01	1.37844073e+10
1.75082703e-04	7.75872281e-01	1.37843554e+10
1.78752553e-04	7.92137306e-01	1.37843024e+10
1.82499324e-04	8.08743351e-01	1.37842483e+10
1.86324631e-04	8.25697568e-01	1.37841930e+10
1.90230119e-04	8.43007259e-01	1.37841366e+10
1.94217468e-04	8.60679880e-01	1.37840790e+10
1.98288395e-04	8.78723042e-01	1.37840201e+10
2.02444651e-04	8.97144516e-01	1.37839601e+10
2.06688025e-04	9.15952238e-01	1.37838988e+10
2.11020343e-04	9.35154308e-01	1.37838362e+10
2.15443469e-04	9.54758999e-01	1.37837723e+10
2.19959307e-04	9.74774753e-01	1.37837071e+10
2.24569800e-04	9.95210194e-01	1.37836405e+10
2.29276931e-04	1.01607412e+00	1.37835725e+10
2.34082728e-04	1.03737553e+00	1.37835030e+10
2.38989257e-04	1.05912359e+00	1.37834321e+10
2.43998630e-04	1.08132767e+00	1.37833598e+10
2.49113003e-04	1.10399735e+00	1.37832859e+10
2.54334576e-04	1.12714237e+00	1.37832105e+10
2.59665597e-04	1.15077272e+00	1.37831334e+10
2.65108360e-04	1.17489858e+00	1.37830548e+10
2.70665207e-04	1.19953034e+00	1.37829745e+10
2.76338529e-04	1.22467862e+00	1.37828926e+10
2.82130768e-04	1.25035424e+00	1.37828089e+10
2.88044415e-04	1.27656828e+00	1.37827235e+10
2.94082017e-04	1.30333203e+00	1.37826363e+10
3.00246171e-04	1.33065701e+00	1.37825472e+10
3.06539530e-04	1.35855502e+00	1.37824563e+10
3.12964801e-04	1.38703806e+00	1.37823635e+10
3.19524751e-04	1.41611841e+00	1.37822688e+10
3.26222201e-04	1.44580861e+00	1.37821720e+10
3.33060034e-04	1.47612145e+00	1.37820732e+10
3.40041193e-04	1.50707000e+00	1.37819724e+10
3.47168682e-04	1.53866759e+00	1.37818695e+10
3.54445567e-04	1.57092784e+00	1.37817643e+10
3.61874981e-04	1.60386466e+00	1.37816570e+10
3.69460121e-04	1.63749224e+00	1.37815475e+10
3.77204249e-04	1.67182508e+00	1.37814356e+10
3.85110700e-04	1.70687798e+00	1.37813214e+10
3.93182876e-04	1.74266605e+00	1.37812048e+10
4.01424249e-04	1.77920472e+00	1.37810858e+10
4.09838367e-04	1.81650974e+00	1.37809643e+10
4.18428851e-04	1.85459719e+00	1.37808402e+10
4.27199397e-04	1.89348350e+00	1.37807135e+10
4.36153779e-04	1.93318543e+00	1.37805842e+10
4.45295851e-04	1.97372010e+00	1.37804522e+10
4.54629547e-04	2.01510499e+00	1.37803174e+10
4.64158883e-04	2.05735794e+00	1.37801798e+10
4.73887961e-04	2.10049719e+00	1.37800393e+10
4.83820966e-04	2.14454132e+00	1.37798958e+10
4.93962174e-04	2.18950933e+00	1.37797494e+10
5.04315949e-04	2.23542063e+00	1.37795998e+10
5.14886745e-04	2.28229501e+00	1.37794472e+10
5.25679112e-04	2.33015268e+00	1.37792913e+10
5.36697695e-04	2.37901431e+00	1.37791322e+10
5.47947234e-04	2.42890095e+00	1.37789698e+10
5.59432571e-04	2.47983414e+00	1.37788039e+10
5.71158648e-04	2.53183585e+00	1.37786346e+10
5.83130511e-04	2.58492851e+00	1.37784618e+10
5.95353313e-04	2.63913503e+00	1.37782853e+10
6.07832313e-04	2.69447880e+00	1.37781051e+10
6.20572881e-04	2.75098370e+00	1.37779211e+10
6.33580499e-04	2.80867413e+00	1.37777333e+10
6.46860766e-04	2.86757496e+00	1.37775416e+10
6.60419396e-04	2.92771163e+00	1.37773458e+10
6.74262224e-04	2.98911010e+00	1.37771460e+10
6.88395207e-04	3.05179686e+00	1.37769419e+10
7.02824426e-04	3.11579897e+00	1.37767336e+10
7.17556092e-04	3.18114407e+00	1.37765210e+10
7.32596543e-04	3.24786036e+00	1.37763038e+10
7.47952252e-04	3.31597666e+00	1.37760822e+10
7.63629826e-04	3.38552237e+00	1.37758558e+10
7.79636013e-04	3.45652752e+00	1.37756248e+10
7.95977700e-04	3.52902279e+00	1.37753889e+10
8.12661920e-04	3.60303947e+00	1.37751481e+10
8.29695852e-04	3.67860954e+00	1.37749022e+10
8.47086827e-04	3.75576564e+00	1.37746512e+10
8.64842328e-04	3.83454111e+00	1.37743949e+10
8.82969996e-04	3.91496996e+00	1.37741333e+10
9.01477631e-04	3.99708696e+00	1.37738662e+10
9.20373200e-04	4.08092758e+00	1.37735935e+10
9.39664831e-04	4.16652806e+00	1.37733150e+10
9.59360829e-04	4.25392539e+00	1.37730308e+10
9.79469667e-04	4.34315734e+00	1.37727406e+10
1.00000000e-03	4.43426248e+00	1.37724443e+10
1.02096066e-03	4.52728020e+00	1.37721419e+10
1.04236067e-03	4.62225070e+00	1.37718331e+10
1.06420924e-03	4.71921506e+00	1.37715178e+10
1.08651577e-03	4.81821519e+00	1.37711960e+10
1.10928986e-03	4.91929391e+00	1.37708674e+10
1.13254132e-03	5.02249495e+00	1.37705319e+10
1.15628013e-03	5.12786293e+00	1.37701894e+10
1.18051653e-03	5.23544343e+00	1.37698398e+10
1.20526094e-03	5.34528301e+00	1.37694828e+10
1.23052400e-03	5.45742918e+00	1.37691184e+10
1.25631660e-03	5.57193048e+00	1.37687463e+10
1.28264983e-03	5.68883646e+00	1.37683664e+10
1.30953502e-03	5.80819772e+00	1.37679786e+10
1.33698374e-03	5.93006592e+00	1.37675827e+10
1.36500781e-03	6.05449384e+00	1.37671785e+10
1.39361927e-03	6.18153535e+00	1.37667659e+10
1.42283046e-03	6.31124545e+00	1.37663446e+10
1.45265393e-03	6.44368034e+00	1.37659145e+10
1.48310251e-03	6.57889738e+00	1.37654755e+10
1.51418933e-03	6.71695514e+00	1.37650272e+10
1.54592774e-03	6.85791345e+00	1.37645695e+10
1.57833141e-03	7.00183338e+00	1.37641023e+10
1.61141428e-03	7.14877732e+00	1.37636254e+10
1.64519059e-03	7.29880895e+00	1.37631384e+10
1.67967487e-03	7.45199333e+00	1.37626413e+10
1.71488197e-03	7.60839688e+00	1.37621337e+10
1.75082703e-03	7.76808741e+00	1.37616156e+10
1.78752553e-03	7.93113421e+00	1.37610866e+10
1.82499324e-03	8.09760799e+00	1.37605466e+10
1.86324631e-03	8.26758100e+00	1.37599952e+10
1.90230119e-03	8.44112699e+00	1.37594324e+10
1.94217468e-03	8.61832128e+00	1.37588578e+10
1.98288395e-03	8.79924080e+00	1.37582712e+10
2.02444651e-03	8.98396410e+00	1.37576723e+10
2.06688025e-03	9.17257141e+00	1.37570609e+10
2.11020343e-03	9.36514465e+00	1.37564367e+10
2.15443469e-03	9.56176747e+00	1.37557995e+10
2.19959307e-03	9.76252531e+00	1.37551490e+10
2.24569800e-03	9.96750543e+00	1.37544849e+10
2.29276931e-03	1.01767969e+01	1.37538069e+10
2.34082728e-03	1.03904908e+01	1.37531147e+10
2.38989257e-03	1.06086800e+01	1.37524081e+10
2.43998630e-03	1.08314594e+01	1.37516867e+10
2.49113003e-03	1.10589260e+01	1.37509503e+10
2.54334576e-03	1.12911786e+01	1.37501985e+10
2.59665597e-03	1.15283185e+01	1.37494309e+10
2.65108360e-03	1.17704489e+01	1.37486474e+10
2.70665207e-03	1.20176752e+01	1.37478475e+10
2.76338529e-03	1.22701051e+01	1.37470309e+10
2.82130768e-03	1.25278486e+01	1.37461972e+10
2.88044415e-03	1.27910180e+01	1.37453462e+10
2.94082017e-03	1.30597280e+01	1.37444774e+10
3.00246171e-03	1.33340959e+01	1.37435904e+10
3.06539530e-03	1.36142412e+01	1.37426850e+10
3.12964801e-03	1.39002862e+01	1.37417606e+10
3.19524751e-03	1.41923558e+01	1.37408170e+10
3.26222201e-03	1.44905773e+01	1.37398537e+10
3.33060034e-03	1.47950812e+01	1.37388703e+10
3.40041193e-03	1.51060002e+01	1.37378664e+10
3.47168682e-03	1.54234704e+01	1.37368415e+10
3.54445567e-03	1.57476304e+01	1.37357953e+10
3.61874981e-03	1.60786220e+01	1.37347272e+10
3.69460121e-03	1.64165900e+01	1.37336369e+10
3.77204249e-03	1.67616821e+01	1.37325239e+10
3.85110700e-03	1.71140494e+01	1.37313876e+10
3.93182876e-03	1.74738463e+01	1.37302277e+10
4.01424249e-03	1.78412302e+01	1.37290436e+10
4.09838367e-03	1.82163620e+01	1.37278349e+10
4.18428851e-03	1.85994063e+01	1.37266009e+10
4.27199397e-03	1.89905310e+01	1.37253413e+10
4.36153779e-03	1.93899075e+01	1.37240554e+10
4.45295851e-03	1.97977111e+01	1.37227427e+10
4.54629547e-03	2.02141209e+01	1.37214027e+10
4.64158883e-03	2.06393197e+01	1.37200348e+10
4.73887961e-03	2.10734942e+01	1.37186385e+10
4.83820966e-03	2.15168353e+01	1.37172130e+10
4.93962174e-03	2.19695379e+01	1.37157579e+10
5.04315949e-03	2.24318012e+01	1.37142725e+10
5.14886745e-03	2.29038285e+01	1.37127563e+10
5.25679112e-03	2.33858277e+01	1.37112084e+10
5.36697695e-03	2.38780110e+01	1.37096284e+10
5.47947234e-03	2.43805955e+01	1.37080156e+10
5.59432571e-03	2.48938026e+01	1.37063692e+10
5.71158648e-03	2.54178588e+01	1.37046886e+10
5.83130511e-03	2.59529953e+01	1.37029730e+10
5.95353313e-03	2.64994484e+01	1.37012218e+10
6.07832313e-03	2.70574595e+01	1.36994342e+10
6.20572881e-03	2.76272754e+01	1.36976095e+10
6.33580499e-03	2.82091480e+01	1.36957469e+10
6.46860766e-03	2.88033348e+01	1.36938456e+10
6.60419396e-03	2.94100988e+01	1.36919049e+10
6.74262224e-03	3.00297089e+01	1.36899238e+10
6.88395207e-03	3.06624398e+01	1.36879017e+10
7.02824426e-03	3.13085721e+01	1.36858376e+10
7.17556092e-03	3.19683926e+01	1.36837306e+10
7.32596543e-03	3.26421942e+01	1.36815800e+10
7.47952252e-03	3.33302764e+01	1.36793848e+10
7.63629826e-03	3.40329452e+01	1.36771441e+10
7.79636013e-03	3.47505132e+01	1.36748570e+10
7.95977700e-03	3.54833000e+01	1.36725224e+10
8.12661920e-03	3.62316319e+01	1.36701396e+10
8.29695852e-03	3.69958428e+01	1.36677073e+10
8.47086827e-03	3.77762735e+01	1.36652247e+10
8.64842328e-03	3.85732726e+01	1.36626907e+10
8.82969996e-03	3.93871962e+01	1.36601043e+10
9.01477631e-03	4.02184083e+01	1.36574644e+10
9.20373200e-03	4.10672808e+01	1.36547699e+10
9.39664831e-03	4.19341939e+01	1.36520197e+10
9.59360829e-03	4.28195363e+01	1.36492126e+10
9.79469667e-03	4.37237050e+01	1.36463475e+10
1.00000000e-02	4.46471061e+01	1.36434233e+10
1.02096066e-02	4.55901545e+01	1.36404386e+10
1.04236067e-02	4.65532743e+01	1.36373923e+10
1.06420924e-02	4.75368990e+01	1.36342832e+10
1.08651577e-02	4.85414718e+01	1.36311099e+10
1.10928986e-02	4.95674457e+01	1.36278712e+10
1.13254132e-02	5.06152838e+01	1.36245657e+10
1.15628013e-02	5.16854595e+01	1.36211920e+10
1.18051653e-02	5.27784567e+01	1.36177489e+10
1.20526094e-02	5.38947702e+01	1.36142348e+10
1.23052400e-02	5.50349059e+01	1.36106484e+10
1.25631660e-02	5.61993809e+01	1.36069882e+10
1.28264983e-02	5.73887238e+01	1.36032527e+10
1.30953502e-02	5.86034754e+01	1.35994404e+10
1.33698374e-02	5.98441883e+01	1.35955497e+10
1.36500781e-02	6.11114277e+01	1.35915791e+10
1.39361927e-02	6.24057715e+01	1.35875269e+10
1.42283046e-02	6.37278105e+01	1.35833915e+10
1.45265393e-02	6.50781491e+01	1.35791713e+10
1.48310251e-02	6.64574051e+01	1.35748645e+10
1.51418933e-02	6.78662106e+01	1.35704694e+10
1.54592774e-02	6.93052115e+01	1.35659843e+10
1.57833141e-02	7.07750690e+01	1.35614072e+10
1.61141428e-02	7.22764588e+01	1.35567365e+10
1.64519059e-02	7.38100723e+01	1.35519702e+10
1.67967487e-02	7.53766166e+01	1.35471064e+10
1.71488197e-02	7.69768147e+01	1.35421431e+10
1.75082703e-02	7.86114066e+01	1.35370785e+10
1.78752553e-02	8.02811488e+01	1.35319105e+10
1.82499324e-02	8.19868153e+01	1.35266369e+10
1.86324631e-02	8.37291979e+01	1.35212558e+10
1.90230119e-02	8.55091068e+01	1.35157651e+10
1.94217468e-02	8.73273705e+01	1.35101624e+10
1.98288395e-02	8.91848368e+01	1.35044457e+10
2.02444651e-02	9.10823731e+01	1.34986126e+10
2.06688025e-02	9.30208670e+01	1.34926609e+10
2.11020343e-02	9.50012264e+01	1.34865883e+10
2.15443469e-02	9.70243806e+01	1.34803923e+10
2.19959307e-02	9.90912804e+01	1.34740706e+10
2.24569800e-02	1.01202899e+02	1.34676206e+10
2.29276931e-02	1.03360231e+02	1.34610400e+10
2.34082728e-02	1.05564296e+02	1.34543260e+10
2.38989257e-02	1.07816138e+02	1.34474761e+10
2.43998630e-02	1.10116822e+02	1.34404877e+10
2.49113003e-02	1.12467443e+02	1.34333581e+10
2.54334576e-02	1.14869117e+02	1.34260845e+10
2.59665597e-02	1.17322990e+02	1.34186642e+10
2.65108360e-02	1.19830232e+02	1.34110942e+10
2.70665207e-02	1.22392045e+02	1.34033718e+10
2.76338529e-02	1.25009654e+02	1.33954939e+10
2.82130768e-02	1.27684319e+02	1.33874576e+10
2.88044415e-02	1.30417325e+02	1.33792598e+10
2.94082017e-02	1.33209990e+02	1.33708974e+10
3.00246171e-02	1.36063665e+02	1.33623674e+10
3.06539530e-02	1.38979730e+02	1.33536664e+10
3.12964801e-02	1.41959600e+02	1.33447912e+10
3.19524751e-02	1.45004726e+02	1.33357385e+10
3.26222201e-02	1.48116590e+02	1.33265050e+10
3.33060034e-02	1.51296712e+02	1.33170872e+10
3.40041193e-02	1.54546650e+02	1.33074816e+10
3.47168682e-02	1.57867997e+02	1.32976847e+10
3.54445567e-02	1.61262388e+02	1.32876929e+10
3.61874981e-02	1.64731495e+02	1.32775025e+10
3.69460121e-02	1.68277033e+02	1.32671099e+10
3.77204249e-02	1.71900758e+02	1.32565111e+10
3.85110700e-02	1.75604468e+02	1.32457025e+10
3.93182876e-02	1.79390008e+02	1.32346801e+10
4.01424249e-02	1.83259266e+02	1.32234399e+10
4.09838367e-02	1.87214178e+02	1.32119780e+10
4.18428851e-02	1.91256728e+02	1.32002902e+10
4.27199397e-02	1.95388949e+02	1.31883724e+10
4.36153779e-02	1.99612924e+02	1.31762203e+10
4.45295851e-02	2.03930788e+02	1.31638298e+10
4.54629547e-02	2.08344732e+02	1.31511964e+10
4.64158883e-02	2.12856998e+02	1.31383158e+10
4.73887961e-02	2.17469887e+02	1.31251835e+10
4.83820966e-02	2.22185756e+02	1.31117950e+10
4.93962174e-02	2.27007024e+02	1.30981456e+10
5.04315949e-02	2.31936169e+02	1.30842307e+10
5.14886745e-02	2.36975733e+02	1.30700456e+10
5.25679112e-02	2.42128323e+02	1.30555854e+10
5.36697695e-02	2.47396610e+02	1.30408453e+10
5.47947234e-02	2.52783337e+02	1.30258204e+10
5.59432571e-02	2.58291313e+02	1.30105057e+10
5.71158648e-02	2.63923424e+02	1.29948961e+10
5.83130511e-02	2.69682625e+02	1.29789865e+10
5.95353313e-02	2.75571952e+02	1.29627716e+10
6.07832313e-02	2.81594515e+02	1.29462462e+10
6.20572881e-02	2.87753510e+02	1.29294051e+10
6.33580499e-02	2.94052210e+02	1.29122427e+10
6.46860766e-02	3.00493978e+02	1.28947536e+10
6.60419396e-02	3.07082262e+02	1.28769324e+10
6.74262224e-02	3.13820601e+02	1.28587734e+10
6.88395207e-02	3.20712628e+02	1.28402709e+10
7.02824426e-02	3.27762070e+02	1.28214192e+10
7.17556092e-02	3.34972753e+02	1.28022127e+10
7.32596543e-02	3.42348603e+02	1.27826453e+10
7.47952252e-02	3.49893651e+02	1.27627112e+10
7.63629826e-02	3.57612035e+02	1.27424045e+10
7.79636013e-02	3.65508003e+02	1.27217190e+10
7.95977700e-02	3.73585915e+02	1.27006488e+10
8.12661920e-02	3.81850250e+02	1.26791877e+10
8.29695852e-02	3.90305603e+02	1.26573295e+10
8.47086827e-02	3.98956697e+02	1.26350679e+10
8.64842328e-02	4.07808380e+02	1.26123966e+10
8.82969996e-02	4.16865628e+02	1.25893093e+10
9.01477631e-02	4.26133557e+02	1.25657996e+10
9.20373200e-02	4.35617416e+02	1.25418610e+10
9.39664831e-02	4.45322600e+02	1.25174870e+10
9.59360829e-02	4.55254650e+02	1.24926711e+10
9.79469667e-02	4.65419257e+02	1.24674067e+10
1.00000000e-01	4.75822268e+02	1.24416872e+10
1.02096066e-01	4.86469689e+02	1.24155058e+10
1.04236067e-01	4.97367694e+02	1.23888560e+10
1.06420924e-01	5.08522622e+02	1.23617309e+10
1.08651577e-01	5.19940990e+02	1.23341239e+10
1.10928986e-01	5.31629492e+02	1.23060281e+10
1.13254132e-01	5.43595009e+02	1.22774368e+10
1.15628013e-01	5.55844611e+02	1.22483431e+10
1.18051653e-01	5.68385565e+02	1.22187402e+10
1.20526094e-01	5.81225339e+02	1.21886212e+10
1.23052400e-01	5.94371610e+02	1.21579794e+10
1.25631660e-01	6.07832266e+02	1.21268079e+10
1.28264983e-01	6.21615418e+02	1.20950997e+10
1.30953502e-01	6.35729403e+02	1.20628481e+10
1.33698374e-01	6.50182790e+02	1.20300463e+10
1.36500781e-01	6.64984390e+02	1.19966873e+10
1.39361927e-01	6.80143259e+02	1.19627645e+10
1.42283046e-01	6.95668710e+02	1.19282710e+10
1.45265393e-01	7.11570315e+02	1.18932002e+10
1.48310251e-01	7.27857919e+02	1.18575453e+10
1.51418933e-01	7.44541642e+02	1.18212996e+10
1.54592774e-01	7.61631891e+02	1.17844567e+10
1.57833141e-01	7.79139365e+02	1.17470098e+10
1.61141428e-01	7.97075069e+02	1.17089527e+10
1.64519059e-01	8.15450317e+02	1.16702787e+10
1.67967487e-01	8.34276743e+02	1.16309817e+10
1.71488197e-01	8.53566313e+02	1.15910554e+10
1.75082703e-01	8.73331330e+02	1.15504936e+10
1.78752553e-01	8.93584448e+02	1.15092903e+10
1.82499324e-01	9.14338679e+02	1.14674396e+10
1.86324631e-01	9.35607404e+02	1.14249356e+10
1.90230119e-01	9.57404387e+02	1.13817726e+10
1.94217468e-01	9.79743779e+02	1.13379452e+10
1.98288395e-01	1.00264014e+03	1.12934478e+10
2.02444651e-01	1.02610843e+03	1.12482753e+10
2.06688025e-01	1.05016405e+03	1.12024225e+10
2.11020343e-01	1.07482283e+03	1.11558846e+10
2.15443469e-01	1.10010105e+03	1.11086568e+10
2.19959307e-01	1.12601546e+03	1.10607346e+10
2.24569800e-01	1.15258327e+03	1.10121137e+10
2.29276931e-01	1.17982219e+03	1.09627899e+10
2.34082728e-01	1.20775043e+03	1.09127594e+10
2.38989257e-01	1.23638671e+03	1.08620186e+10
2.43998630e-01	1.26575029e+03	1.08105640e+10
2.49113003e-01	1.29586098e+03	1.07583925e+10
2.54334576e-01	1.32673912e+03	1.07055014e+10
2.59665597e-01	1.35840565e+03	1.06518879e+10
2.65108360e-01	1.39088210e+03	1.05975500e+10
2.70665207e-01	1.42419059e+03	1.05424855e+10
2.76338529e-01	1.45835387e+03	1.04866929e+10
2.82130768e-01	1.49339533e+03	1.04301709e+10
2.88044415e-01	1.52933902e+03	1.03729185e+10
2.94082017e-01	1.56620965e+03	1.03149351e+10
3.00246171e-01	1.60403262e+03	1.02562206e+10
3.06539530e-01	1.64283405e+03	1.01967751e+10
3.12964801e-01	1.68264077e+03	1.01365992e+10
3.19524751e-01	1.72348038e+03	1.00756938e+10
3.26222201e-01	1.76538120e+03	1.00140604e+10
3.33060034e-01	1.80837236e+03	9.95170078e+09
3.40041193e-01	1.85248380e+03	9.88861730e+09
3.47168682e-01	1.89774625e+03	9.82481267e+09
3.54445567e-01	1.94419132e+03	9.76029013e+09
3.61874981e-01	1.99185143e+03	9.69505338e+09
3.69460121e-01	2.04075994e+03	9.62910663e+09
3.77204249e-01	2.09095107e+03	9.56245460e+09
3.85110700e-01	2.14245998e+03	9.49510251e+09
3.93182876e-01	2.19532277e+03	9.42705612e+09
4.01424249e-01	2.24957653e+03	9.35832174e+09
4.09838367e-01	2.30525930e+03	9.28890620e+09
4.18428851e-01	2.36241017e+03	9.21881691e+09
4.27199397e-01	2.42106925e+03	9.14806183e+09
4.36153779e-01	2.48127771e+03	9.07664951e+09
4.45295851e-01	2.54307781e+03	9.00458907e+09
4.54629547e-01	2.60651290e+03	8.93189022e+09
4.64158883e-01	2.67162747e+03	8.85856325e+09
4.73887961e-01	2.73846717e+03	8.78461907e+09
4.83820966e-01	2.80707883e+03	8.71006918e+09
4.93962174e-01	2.87751047e+03	8.63492568e+09
5.04315949e-01	2.94981135e+03	8.55920129e+09
5.14886745e-01	3.02403199e+03	8.48290933e+09
5.25679112e-01	3.10022419e+03	8.40606373e+09
5.36697695e-01	3.17844106e+03	8.32867904e+09
5.47947234e-01	3.25873702e+03	8.25077041e+09
5.59432571e-01	3.34116789e+03	8.17235359e+09
5.71158648e-01	3.42579086e+03	8.09344493e+09
5.83130511e-01	3.51266453e+03	8.01406138e+09
5.95353313e-01	3.60184895e+03	7.93422047e+09
6.07832313e-01	3.69340564e+03	7.85394033e+09
6.20572881e-01	3.78739764e+03	7.77323965e+09
6.33580499e-01	3.88388950e+03	7.69213766e+09
6.46860766e-01	3.98294734e+03	7.61065418e+09
6.60419396e-01	4.08463886e+03	7.52880954e+09
6.74262224e-01	4.18903339e+03	7.44662458e+09
6.88395207e-01	4.29620192e+03	7.36412069e+09
7.02824426e-01	4.40621710e+03	7.28131970e+09
7.17556092e-01	4.51915333e+03	7.19824394e+09
7.32596543e-01	4.63508671e+03	7.11491618e+09
7.47952252e-01	4.75409517e+03	7.03135962e+09
7.63629826e-01	4.87625842e+03	6.94759788e+09
7.79636013e-01	5.00165805e+03	6.86365493e+09
7.95977700e-01	5.13037751e+03	6.77955513e+09
8.12661920e-01	5.26250218e+03	6.69532316e+09
8.29695852e-01	5.39811939e+03	6.61098401e+09
8.47086827e-01	5.53731849e+03	6.52656293e+09
8.64842328e-01	5.68019084e+03	6.44208543e+09
8.82969996e-01	5.82682988e+03	6.35757724e+09
9.01477631e-01	5.97733116e+03	6.27306426e+09
9.20373200e-01	6.13179240e+03	6.18857257e+09
9.39664831e-01	6.29031350e+03	6.10412833e+09
9.59360829e-01	6.45299662e+03	6.01975782e+09
9.79469667e-01	6.61994617e+03	5.93548736e+09
1.00000000e+00	6.79126894e+03	5.85134330e+09
1.02096066e+00	6.96707407e+03	5.76735195e+09
1.04236067e+00	7.14747311e+03	5.68353960e+09
1.06420924e+00	7.33258014e+03	5.59993242e+09
1.08651577e+00	7.52251171e+03	5.51655649e+09
1.10928986e+00	7.71738700e+03	5.43343771e+09
1.13254132e+00	7.91732778e+03	5.35060181e+09
1.15628013e+00	8.12245855e+03	5.26807427e+09
1.18051653e+00	8.33290652e+03	5.18588033e+09
1.20526094e+00	8.54880174e+03	5.10404492e+09
1.23052400e+00	8.77027711e+03	5.02259266e+09
1.25631660e+00	8.99746845e+03	4.94154780e+09
1.28264983e+00	9.23051458e+03	4.86093420e+09
1.30953502e+00	9.46955739e+03	4.78077530e+09
1.33698374e+00	9.71474187e+03	4.70109409e+09
1.36500781e+00	9.96621623e+03	4.62191308e+09
1.39361927e+00	1.02241319e+04	4.54325426e+09
1.42283046e+00	1.04886438e+04	4.46513912e+09
1.45265393e+00	1.07599099e+04	4.38758855e+09
1.48310251e+00	1.10380922e+04	4.31062289e+09
1.51418933e+00	1.13233557e+04	4.23426187e+09
1.54592774e+00	1.16158695e+04	4.15852457e+09
1.57833141e+00	1.19158062e+04	4.08342947e+09
1.61141428e+00	1.22233423e+04	4.00899436e+09
1.64519059e+00	1.25386581e+04	3.93523635e+09
1.67967487e+00	1.28619379e+04	3.86217188e+09
1.71488197e+00	1.31933704e+04	3.78981668e+09
1.75082703e+00	1.35331479e+04	3.71818575e+09
1.78752553e+00	1.38814675e+04	3.64729338e+09
1.82499324e+00	1.42385305e+04	3.57715313e+09
1.86324631e+00	1.46045424e+04	3.50777783e+09
1.90230119e+00	1.49797138e+04	3.43917954e+09
1.94217468e+00	1.53642594e+04	3.37136960e+09
1.98288395e+00	1.57583991e+04	3.30435859e+09
2.02444651e+00	1.61623575e+04	3.23815636e+09
2.06688025e+00	1.65763643e+04	3.17277200e+09
2.11020343e+00	1.70006542e+04	3.10821386e+09
2.15443469e+00	1.74354672e+04	3.04448957e+09
2.19959307e+00	1.78810486e+04	2.98160600e+09
2.24569800e+00	1.83376493e+04	2.91956933e+09
2.29276931e+00	1.88055256e+04	2.85838499e+09
2.34082728e+00	1.92849397e+04	2.79805773e+09
2.38989257e+00	1.97761594e+04	2.73859159e+09
2.43998630e+00	2.02794587e+04	2.67998992e+09
2.49113003e+00	2.07951177e+04	2.62225543e+09
2.54334576e+00	2.13234226e+04	2.56539012e+09
2.59665597e+00	2.18646660e+04	2.50939540e+09
2.65108360e+00	2.24191471e+04	2.45427201e+09
2.70665207e+00	2.29871717e+04	2.40002009e+09
2.76338529e+00	2.35690526e+04	2.34663919e+09
2.82130768e+00	2.41651092e+04	2.29412826e+09
2.88044415e+00	2.47756683e+04	2.24248571e+09
2.94082017e+00	2.54010638e+04	2.19170939e+09
3.00246171e+00	2.60416372e+04	2.14179661e+09
3.06539530e+00	2.66977375e+04	2.09274420e+09
3.12964801e+00	2.73697213e+04	2.04454847e+09
3.19524751e+00	2.80579533e+04	1.99720529e+09
3.26222201e+00	2.87628064e+04	1.95071003e+09
3.33060034e+00	2.94846614e+04	1.90505768e+09
3.40041193e+00	3.02239078e+04	1.86024277e+09
3.47168682e+00	3.09809437e+04	1.81625945e+09
3.54445567e+00	3.17561759e+04	1.77310151e+09
3.61874981e+00	3.25500203e+04	1.73076235e+09
3.69460121e+00	3.33629020e+04	1.68923506e+09
3.77204249e+00	3.41952554e+04	1.64851239e+09
3.85110700e+00	3.50475245e+04	1.60858678e+09
3.93182876e+00	3.59201631e+04	1.56945041e+09
4.01424249e+00	3.68136350e+04	1.53109518e+09
4.09838367e+00	3.77284142e+04	1.49351274e+09
4.18428851e+00	3.86649852e+04	1.45669450e+09
4.27199397e+00	3.96238429e+04	1.42063168e+09
4.36153779e+00	4.06054934e+04	1.38531528e+09
4.45295851e+00	4.16104537e+04	1.35073611e+09
4.54629547e+00	4.26392522e+04	1.31688484e+09
4.64158883e+00	4.36924288e+04	1.28375198e+09
4.73887961e+00	4.47705352e+04	1.25132788e+09
4.83820966e+00	4.58741355e+04	1.21960279e+09
4.93962174e+00	4.70038056e+04	1.18856685e+09
5.04315949e+00	4.81601344e+04	1.15821011e+09
5.14886745e+00	4.93437234e+04	1.12852252e+09
5.25679112e+00	5.05551874e+04	1.09949399e+09
5.36697695e+00	5.17951545e+04	1.07111433e+09
5.47947234e+00	5.30642665e+04	1.04337335e+09
5.59432571e+00	5.43631792e+04	1.01626081e+09
5.71158648e+00	5.56925626e+04	9.89766428e+08
5.83130511e+00	5.70531013e+04	9.63879942e+08
5.95353313e+00	5.84454947e+04	9.38591070e+08
6.07832313e+00	5.98704576e+04	9.13889538e+08
6.20572881e+00	6.13287200e+04	8.89765091e+08
6.33580499e+00	6.28210281e+04	8.66207500e+08
6.46860766e+00	6.43481438e+04	8.43206566e+08
6.60419396e+00	6.59108459e+04	8.20752134e+08
6.74262224e+00	6.75099299e+04	7.98834095e+08
6.88395207e+00	6.91462085e+04	7.77442397e+08
7.02824426e+00	7.08205120e+04	7.56567050e+08
7.17556092e+00	7.25336886e+04	7.36198132e+08
7.32596543e+00	7.42866048e+04	7.16325793e+08
7.47952252e+00	7.60801460e+04	6.96940266e+08
7.63629826e+00	7.79152165e+04	6.78031866e+08
7.79636013e+00	7.97927401e+04	6.59590999e+08
7.95977700e+00	8.17136605e+04	6.41608164e+08
8.12661920e+00	8.36789420e+04	6.24073959e+08
8.29695852e+00	8.56895693e+04	6.06979081e+08
8.47086827e+00	8.77465485e+04	5.90314337e+08
8.64842328e+00	8.98509073e+04	5.74070639e+08
8.82969996e+00	9.20036955e+04	5.58239012e+08
9.01477631e+00	9.42059855e+04	5.42810594e+08
9.20373200e+00	9.64588727e+04	5.27776641e+08
9.39664831e+00	9.87634760e+04	5.13128527e+08
9.59360829e+00	1.01120939e+05	4.98857748e+08
9.79469667e+00	1.03532428e+05	4.84955919e+08
1.00000000e+01	1.05999136e+05	4.71414783e+08
1.02096066e+01	1.08522281e+05	4.58226205e+08
1.04236067e+01	1.11103109e+05	4.45382179e+08
1.06420924e+01	1.13742888e+05	4.32874824e+08
1.08651577e+01	1.16442919e+05	4.20696387e+08
1.10928986e+01	1.19204525e+05	4.08839245e+08
1.13254132e+01	1.22029063e+05	3.97295900e+08
1.15628013e+01	1.24917915e+05	3.86058987e+08
1.18051653e+01	1.27872495e+05	3.75121268e+08
1.20526094e+01	1.30894244e+05	3.64475634e+08
1.23052400e+01	1.33984639e+05	3.54115104e+08
1.25631660e+01	1.37145183e+05	3.44032826e+08
1.28264983e+01	1.40377415e+05	3.34222075e+08
1.30953502e+01	1.43682905e+05	3.24676255e+08
1.33698374e+01	1.47063258e+05	3.15388895e+08
1.36500781e+01	1.50520112e+05	3.06353650e+08
1.39361927e+01	1.54055139e+05	2.97564300e+08
1.42283046e+01	1.57670051e+05	2.89014749e+08
1.45265393e+01	1.61366591e+05	2.80699024e+08
1.48310251e+01	1.65146543e+05	2.72611274e+08
1.51418933e+01	1.69011728e+05	2.64745769e+08
1.54592774e+01	1.72964006e+05	2.57096897e+08
1.57833141e+01	1.77005275e+05	2.49659165e+08
1.61141428e+01	1.81137475e+05	2.42427198e+08
1.64519059e+01	1.85362589e+05	2.35395734e+08
1.67967487e+01	1.89682638e+05	2.28559628e+08
1.71488197e+01	1.94099691e+05	2.21913845e+08
1.75082703e+01	1.98615856e+05	2.15453461e+08
1.78752553e+01	2.03233291e+05	2.09173664e+08
1.82499324e+01	2.07954195e+05	2.03069747e+08
1.86324631e+01	2.12780817e+05	1.97137112e+08
1.90230119e+01	2.17715454e+05	1.91371264e+08
1.94217468e+01	2.22760450e+05	1.85767811e+08
1.98288395e+01	2.27918200e+05	1.80322463e+08
2.02444651e+01	2.33191150e+05	1.75031031e+08
2.06688025e+01	2.38581797e+05	1.69889423e+08
2.11020343e+01	2.44092693e+05	1.64893642e+08
2.15443469e+01	2.49726442e+05	1.60039788e+08
2.19959307e+01	2.55485705e+05	1.55324054e+08
2.24569800e+01	2.61373198e+05	1.50742724e+08
2.29276931e+01	2.67391697e+05	1.46292171e+08
2.34082728e+01	2.73544036e+05	1.41968858e+08
2.38989257e+01	2.79833107e+05	1.37769332e+08
2.43998630e+01	2.86261866e+05	1.33690227e+08
2.49113003e+01	2.92833332e+05	1.29728258e+08
2.54334576e+01	2.99550586e+05	1.25880224e+08
2.59665597e+01	3.06416776e+05	1.22143003e+08
2.65108360e+01	3.13435116e+05	1.18513550e+08
2.70665207e+01	3.20608889e+05	1.14988897e+08
2.76338529e+01	3.27941446e+05	1.11566152e+08
2.82130768e+01	3.35436212e+05	1.08242497e+08
2.88044415e+01	3.43096682e+05	1.05015185e+08
2.94082017e+01	3.50926425e+05	1.01881538e+08
3.00246171e+01	3.58929089e+05	9.88389494e+07
3.06539530e+01	3.67108394e+05	9.58848785e+07
3.12964801e+01	3.75468145e+05	9.30168509e+07
3.19524751e+01	3.84012222e+05	9.02324567e+07
3.26222201e+01	3.92744591e+05	8.75293487e+07
3.33060034e+01	4.01669301e+05	8.49052415e+07
3.40041193e+01	4.10790485e+05	8.23579097e+07
3.47168682e+01	4.20112366e+05	7.98851866e+07
3.54445567e+01	4.29639256e+05	7.74849633e+07
3.61874981e+01	4.39375557e+05	7.51551864e+07
3.69460121e+01	4.49325765e+05	7.28938577e+07
3.77204249e+01	4.59494472e+05	7.06990324e+07
3.85110700e+01	4.69886366e+05	6.85688175e+07
3.93182876e+01	4.80506233e+05	6.65013715e+07
4.01424249e+01	4.91358964e+05	6.44949022e+07
4.09838367e+01	5.02449551e+05	6.25476661e+07
4.18428851e+01	5.13783091e+05	6.06579670e+07
4.27199397e+01	5.25364790e+05	5.88241546e+07
4.36153779e+01	5.37199965e+05	5.70446241e+07
4.45295851e+01	5.49294043e+05	5.53178143e+07
4.54629547e+01	5.61652568e+05	5.36422068e+07
4.64158883e+01	5.74281199e+05	5.20163250e+07
4.73887961e+01	5.87185717e+05	5.04387330e+07
4.83820966e+01	6.00372024e+05	4.89080347e+07
4.93962174e+01	6.13846147e+05	4.74228723e+07
5.04315949e+01	6.27614240e+05	4.59819259e+07
5.14886745e+01	6.41682586e+05	4.45839125e+07
5.25679112e+01	6.56057604e+05	4.32275844e+07
5.36697695e+01	6.70745846e+05	4.19117290e+07
5.47947234e+01	6.85754002e+05	4.06351677e+07
5.59432571e+01	7.01088905e+05	3.93967548e+07
5.71158648e+01	7.16757532e+05	3.81953767e+07
5.83130511e+01	7.32767005e+05	3.70299514e+07
5.95353313e+01	7.49124601e+05	3.58994273e+07
6.07832313e+01	7.65837745e+05	3.48027823e+07
6.20572881e+01	7.82914024e+05	3.37390235e+07
6.33580499e+01	8.00361181e+05	3.27071861e+07
6.46860766e+01	8.18187125e+05	3.17063324e+07
6.60419396e+01	8.36399930e+05	3.07355518e+07
6.74262224e+01	8.55007843e+05	2.97939594e+07
6.88395207e+01	8.74019281e+05	2.88806955e+07
7.02824426e+01	8.93442843e+05	2.79949250e+07
7.17556092e+01	9.13287306e+05	2.71358369e+07
7.32596543e+01	9.33561634e+05	2.63026432e+07
7.47952252e+01	9.54274978e+05	2.54945786e+07
7.63629826e+01	9.75436685e+05	2.47108997e+07
7.79636013e+01	9.97056296e+05	2.39508848e+07
7.95977700e+01	1.01914356e+06	2.32138326e+07
8.12661920e+01	1.04170841e+06	2.24990623e+07
8.29695852e+01	1.06476102e+06	2.18059127e+07
8.47086827e+01	1.08831176e+06	2.11337417e+07
8.64842328e+01	1.11237122e+06	2.04819259e+07
8.82969996e+01	1.13695021e+06	1.98498599e+07
9.01477631e+01	1.16205978e+06	1.92369558e+07
9.20373200e+01	1.18771120e+06	1.86426430e+07
9.39664831e+01	1.21391598e+06	1.80663673e+07
9.59360829e+01	1.24068588e+06	1.75075907e+07
9.79469667e+01	1.26803289e+06	1.69657911e+07
1.00000000e+02	1.29596929e+06	1.64404613e+07
1.02096066e+02	1.32450757e+06	1.59311092e+07
1.04236067e+02	1.35366051e+06	1.54372569e+07
1.06420924e+02	1.38344117e+06	1.49584407e+07
1.08651577e+02	1.41386285e+06	1.44942103e+07
1.10928986e+02	1.44493917e+06	1.40441287e+07
1.13254132e+02	1.47668400e+06	1.36077719e+07
1.15628013e+02	1.50911153e+06	1.31847280e+07
1.18051653e+02	1.54223623e+06	1.27745975e+07
1.20526094e+02	1.57607289e+06	1.23769926e+07
1.23052400e+02	1.61063659e+06	1.19915369e+07
1.25631660e+02	1.64594276e+06	1.16178652e+07
1.28264983e+02	1.68200711e+06	1.12556230e+07
1.30953502e+02	1.71884573e+06	1.09044661e+07
1.33698374e+02	1.75647500e+06	1.05640609e+07
1.36500781e+02	1.79491169e+06	1.02340833e+07
1.39361927e+02	1.83417289e+06	9.91421900e+06
1.42283046e+02	1.87427606e+06	9.60416293e+06
1.45265393e+02	1.91523902e+06	9.30361910e+06
1.48310251e+02	1.95707999e+06	9.01230031e+06
1.51418933e+02	1.99981754e+06	8.72992786e+06
1.54592774e+02	2.04347065e+06	8.45623139e+06
1.57833141e+02	2.08805870e+06	8.19094852e+06
1.61141428e+02	2.13360146e+06	7.93382472e+06
1.64519059e+02	2.18011913e+06	7.68461305e+06
1.67967487e+02	2.22763233e+06	7.44307388e+06
1.71488197e+02	2.27616212e+06	7.20897479e+06
1.75082703e+02	2.32573000e+06	6.98209024e+06
1.78752553e+02	2.37635791e+06	6.76220147e+06
1.82499324e+02	2.42806826e+06	6.54909621e+06
1.86324631e+02	2.48088393e+06	6.34256859e+06
1.90230119e+02	2.53482828e+06	6.14241885e+06
1.94217468e+02	2.58992517e+06	5.94845324e+06
1.98288395e+02	2.64619895e+06	5.76048379e+06
2.02444651e+02	2.70367447e+06	5.57832819e+06
2.06688025e+02	2.76237714e+06	5.40180956e+06
2.11020343e+02	2.82233285e+06	5.23075635e+06
2.15443469e+02	2.88356808e+06	5.06500215e+06
2.19959307e+02	2.94610985e+06	4.90438555e+06
2.24569800e+02	3.00998574e+06	4.74874999e+06
2.29276931e+02	3.07522392e+06	4.59794361e+06
2.34082728e+02	3.14185313e+06	4.45181912e+06
2.38989257e+02	3.20990275e+06	4.31023365e+06
2.43998630e+02	3.27940273e+06	4.17304865e+06
2.49113003e+02	3.35038370e+06	4.04012973e+06
2.54334576e+02	3.42287689e+06	3.91134656e+06
2.59665597e+02	3.49691421e+06	3.78657270e+06
2.65108360e+02	3.57252823e+06	3.66568558e+06
2.70665207e+02	3.64975220e+06	3.54856628e+06
2.76338529e+02	3.72862007e+06	3.43509950e+06
2.82130768e+02	3.80916651e+06	3.32517339e+06
2.88044415e+02	3.89142692e+06	3.21867951e+06
2.94082017e+02	3.97543741e+06	3.11551268e+06
3.00246171e+02	4.06123489e+06	3.01557090e+06
3.06539530e+02	4.14885701e+06	2.91875526e+06
3.12964801e+02	4.23834225e+06	2.82496983e+06
3.19524751e+02	4.32972984e+06	2.73412160e+06
3.26222201e+02	4.42305989e+06	2.64612036e+06
3.33060034e+02	4.51837330e+06	2.56087864e+06
3.40041193e+02	4.61571188e+06	2.47831163e+06
3.47168682e+02	4.71511827e+06	2.39833707e+06
3.54445567e+02	4.81663602e+06	2.32087520e+06
3.61874981e+02	4.92030961e+06	2.24584870e+06
3.69460121e+02	5.02618443e+06	2.17318257e+06
3.77204249e+02	5.13430683e+06	2.10280409e+06
3.85110700e+02	5.24472413e+06	2.03464277e+06
3.93182876e+02	5.35748464e+06	1.96863023e+06
4.01424249e+02	5.47263769e+06	1.90470019e+06
4.09838367e+02	5.59023363e+06	1.84278838e+06
4.18428851e+02	5.71032388e+06	1.78283248e+06
4.27199397e+02	5.83296093e+06	1.72477206e+06
4.36153779e+02	5.95819837e+06	1.66854854e+06
4.45295851e+02	6.08609092e+06	1.61410513e+06
4.54629547e+02	6.21669442e+06	1.56138674e+06
4.64158883e+02	6.35006592e+06	1.51033999e+06
4.73887961e+02	6.48626364e+06	1.46091311e+06
4.83820966e+02	6.62534701e+06	1.41305591e+06
4.93962174e+02	6.76737674e+06	1.36671972e+06
5.04315949e+02	6.91241478e+06	1.32185737e+06
5.14886745e+02	7.06052438e+06	1.27842314e+06
5.25679112e+02	7.21177014e+06	1.23637266e+06
5.36697695e+02	7.36621798e+06	1.19566297e+06
5.47947234e+02	7.52393523e+06	1.15625238e+06
5.59432571e+02	7.68499060e+06	1.11810049e+06
5.71158648e+02	7.84945428e+06	1.08116813e+06
5.83130511e+02	8.01739788e+06	1.04541735e+06
5.95353313e+02	8.18889454e+06	1.01081132e+06
6.07832313e+02	8.36401894e+06	9.77313555e+05
6.20572881e+02	8.54284730e+06	9.44890635e+05
6.33580499e+02	8.72545744e+06	9.13508125e+05
6.46860766e+02	8.91192883e+06	8.83137308e+05
6.60419396e+02	9.10234258e+06	8.53741175e+05
6.74262224e+02	9.29678150e+06	8.25291436e+05
6.88395207e+02	9.49533015e+06	7.97758482e+05
7.02824426e+02	9.69807485e+06	7.71113614e+05
7.17556092e+02	9.90510372e+06	7.45326061e+05
7.32596543e+02	1.01165068e+07	7.20376013e+05
7.47952252e+02	1.03323758e+07	6.96232433e+05
7.63629826e+02	1.05528046e+07	6.72870416e+05
7.79636013e+02	1.07778889e+07	6.50265545e+05
7.95977700e+02	1.10077266e+07	6.28394073e+05
8.12661920e+02	1.12424173e+07	6.07232955e+05
8.29695852e+02	1.14820629e+07	5.86759843e+05
8.47086827e+02	1.17267675e+07	5.66953072e+05
8.64842328e+02	1.19766372e+07	5.47791639e+05
8.82969996e+02	1.22317806e+07	5.29255187e+05
9.01477631e+02	1.24923081e+07	5.11323984e+05
9.20373200e+02	1.27583330e+07	4.93978907e+05
9.39664831e+02	1.30299704e+07	4.77201420e+05
9.59360829e+02	1.33073383e+07	4.60973561e+05
9.79469667e+02	1.35905567e+07	4.45277920e+05
1.00000000e+03	1.38797486e+07	4.30097625e+05
1.02096066e+03	1.41750393e+07	4.15416325e+05
1.04236067e+03	1.44765566e+07	4.01218174e+05
1.06420924e+03	1.47844312e+07	3.87487816e+05
1.08651577e+03	1.50987965e+07	3.74210369e+05
1.10928986e+03	1.54197887e+07	3.61371606e+05
1.13254132e+03	1.57475467e+07	3.48957162e+05
1.15628013e+03	1.60822125e+07	3.36953693e+05
1.18051653e+03	1.64239310e+07	3.25348075e+05
1.20526094e+03	1.67728500e+07	3.14127593e+05
1.23052400e+03	1.71291206e+07	3.03279926e+05
1.25631660e+03	1.74928970e+07	2.92793135e+05
1.28264983e+03	1.78643366e+07	2.82655653e+05
1.30953502e+03	1.82436000e+07	2.72856270e+05
1.33698374e+03	1.86308514e+07	2.63384127e+05
1.36500781e+03	1.90262583e+07	2.54228702e+05
1.39361927e+03	1.94299915e+07	2.45379800e+05
1.42283046e+03	1.98422258e+07	2.36827545e+05
1.45265393e+03	2.02631393e+07	2.28562366e+05
1.48310251e+03	2.06929140e+07	2.20574993e+05
1.51418933e+03	2.11317358e+07	2.12856438e+05
1.54592774e+03	2.15797942e+07	2.05398014e+05
1.57833141e+03	2.20372828e+07	1.98191285e+05
1.61141428e+03	2.25043995e+07	1.91228087e+05
1.64519059e+03	2.29813459e+07	1.84500509e+05
1.67967487e+03	2.34683283e+07	1.78000890e+05
1.71488197e+03	2.39655568e+07	1.71721807e+05
1.75082703e+03	2.44732463e+07	1.65656074e+05
1.78752553e+03	2.49916161e+07	1.59796725e+05
1.82499324e+03	2.55208899e+07	1.54137018e+05
1.86324631e+03	2.60612964e+07	1.48670420e+05
1.90230119e+03	2.66130689e+07	1.43390605e+05
1.94217468e+03	2.71764456e+07	1.38291445e+05
1.98288395e+03	2.77516696e+07	1.33367008e+05
2.02444651e+03	2.83389893e+07	1.28611546e+05
2.06688025e+03	2.89386582e+07	1.24019495e+05
2.11020343e+03	2.95509350e+07	1.19585466e+05
2.15443469e+03	3.01760839e+07	1.15304240e+05
2.19959307e+03	3.08143748e+07	1.11170766e+05
2.24569800e+03	3.14660830e+07	1.07180150e+05
2.29276931e+03	3.21314897e+07	1.03327655e+05
2.34082728e+03	3.28108818e+07	9.96086945e+04
2.38989257e+03	3.35045526e+07	9.60188286e+04
2.43998630e+03	3.42128011e+07	9.25537580e+04
2.49113003e+03	3.49359328e+07	8.92093207e+04
2.54334576e+03	3.56742597e+07	8.59814878e+04
2.59665597e+03	3.64281000e+07	8.28663593e+04
2.65108360e+03	3.71977789e+07	7.98601598e+04
2.70665207e+03	3.79836281e+07	7.69592352e+04
2.76338529e+03	3.87859866e+07	7.41600486e+04
2.82130768e+03	3.96052003e+07	7.14591766e+04
2.88044415e+03	4.04416222e+07	6.88533061e+04
2.94082017e+03	4.12956130e+07	6.63392307e+04
3.00246171e+03	4.21675408e+07	6.39138476e+04
3.06539530e+03	4.30577814e+07	6.15741539e+04
3.12964801e+03	4.39667184e+07	5.93172443e+04
3.19524751e+03	4.48947436e+07	5.71403071e+04
3.26222201e+03	4.58422569e+07	5.50406229e+04
3.33060034e+03	4.68096667e+07	5.30155586e+04
3.40041193e+03	4.77973898e+07	5.10625686e+04
3.47168682e+03	4.88058519e+07	4.91791896e+04
3.54445567e+03	4.98354873e+07	4.73630388e+04
3.61874981e+03	5.08867397e+07	4.56118111e+04
3.69460121e+03	5.19600622e+07	4.39232771e+04
3.77204249e+03	5.30559169e+07	4.22952802e+04
3.85110700e+03	5.41747761e+07	4.07257348e+04
3.93182876e+03	5.53171217e+07	3.92126238e+04
4.01424249e+03	5.64834458e+07	3.77539967e+04
4.09838367e+03	5.76742508e+07	3.63479671e+04
4.18428851e+03	5.88900496e+07	3.49927111e+04
4.27199397e+03	6.01313658e+07	3.36864651e+04
4.36153779e+03	6.13987340e+07	3.24275240e+04
4.45295851e+03	6.26927003e+07	3.12142394e+04
4.54629547e+03	6.40138216e+07	3.00450177e+04
4.64158883e+03	6.53626672e+07	2.89183182e+04
4.73887961e+03	6.67398177e+07	2.78326520e+04
4.83820966e+03	6.81458663e+07	2.67865796e+04
4.93962174e+03	6.95814184e+07	2.57787101e+04
5.04315949e+03	7.10470922e+07	2.48076990e+04
5.14886745e+03	7.25435189e+07	2.38722471e+04
5.25679112e+03	7.40713426e+07	2.29710989e+04
5.36697695e+03	7.56312213e+07	2.21030317e+04
5.47947234e+03	7.72238267e+07	2.12668914e+04
5.59432571e+03	7.88498444e+07	2.04615369e+04
5.71158648e+03	8.05099744e+07	1.96858742e+04
5.83130511e+03	8.22049316e+07	1.89388466e+04
5.95353313e+03	8.39354457e+07	1.82194331e+04
6.07832313e+03	8.57022617e+07	1.75266476e+04
6.20572881e+03	8.75061401e+07	1.68595378e+04
6.33580499e+03	8.93478577e+07	1.62171839e+04
6.46860766e+03	9.12282073e+07	1.55986976e+04
6.60419396e+03	9.31479982e+07	1.50032211e+04
6.74262224e+03	9.51080571e+07	1.44299264e+04
6.88395207e+03	9.71092275e+07	1.38780137e+04
7.02824426e+03	9.91523710e+07	1.33467110e+04
7.17556092e+03	1.01238367e+08	1.28352729e+04
7.32596543e+03	1.03368114e+08	1.23429801e+04
7.47952252e+03	1.05542527e+08	1.18691381e+04
7.63629826e+03	1.07762544e+08	1.14130765e+04
7.79636013e+03	1.10029120e+08	1.09741484e+04
7.95977700e+03	1.12343230e+08	1.05517294e+04
8.12661920e+03	1.14705871e+08	1.01452171e+04
8.29695852e+03	1.17118059e+08	9.75403013e+03
8.47086827e+03	1.19580833e+08	9.37760747e+03
8.64842328e+03	1.22095253e+08	9.01540793e+03
8.82969996e+03	1.24662400e+08	8.66690938e+03
9.01477631e+03	1.27283380e+08	8.33160813e+03
9.20373200e+03	1.29959321e+08	8.00901828e+03
9.39664831e+03	1.32691375e+08	7.69867188e+03
9.59360829e+03	1.35480718e+08	7.40011564e+03
9.79469667e+03	1.38328549e+08	7.11291420e+03
1.00000000e+04	1.41236096e+08	6.93082245e+03
