# redshift	D_L [Mpc]	Age [yr]
1.00000000e-05	4.42566816e-02	1.37974716e+10
1.02096066e-05	4.51843382e-02	1.37974685e+10
1.04236067e-05	4.61314395e-02	1.37974654e+10
1.06420924e-05	4.70983929e-02	1.37974623e+10
1.08651577e-05	4.80856146e-02	1.37974591e+10
1.10928986e-05	4.90935296e-02	1.37974558e+10
1.13254132e-05	5.01225714e-02	1.37974524e+10
1.15628013e-05	5.11731830e-02	1.37974490e+10
1.18051653e-05	5.22458166e-02	1.37974455e+10
1.20526094e-05	5.33409336e-02	1.37974419e+10
1.23052400e-05	5.44590055e-02	1.37974383e+10
1.25631660e-05	5.56005133e-02	1.37974346e+10
1.28264983e-05	5.67659484e-02	1.37974308e+10
1.30953502e-05	5.79558123e-02	1.37974269e+10
1.33698374e-05	5.91706169e-02	1.37974229e+10
1.36500781e-05	6.04108853e-02	1.37974189e+10
1.39361927e-05	6.16771510e-02	1.37974147e+10
1.42283046e-05	6.29699590e-02	1.37974105e+10
1.45265393e-05	6.42898658e-02	1.37974062e+10
1.48310251e-05	6.56374393e-02	1.37974018e+10
1.51418933e-05	6.70132596e-02	1.37973973e+10
1.54592774e-05	6.84179185e-02	1.37973928e+10
1.57833141e-05	6.98520208e-02	1.37973881e+10
1.61141428e-05	7.13161836e-02	1.37973833e+10
1.64519059e-05	7.28110369e-02	1.37973784e+10
1.67967487e-05	7.43372241e-02	1.37973734e+10
1.71488197e-05	7.58954021e-02	1.37973684e+10
1.75082703e-05	7.74862414e-02	1.37973632e+10
1.78752553e-05	7.91104267e-02	1.37973579e+10
1.82499324e-05	8.07686568e-02	1.37973525e+10
1.86324631e-05	8.24616456e-02	1.37973470e+10
1.90230119e-05	8.41901216e-02	1.37973413e+10
1.94217468e-05	8.59548286e-02	1.37973356e+10
1.98288395e-05	8.77565262e-02	1.37973297e+10
2.02444651e-05	8.95959897e-02	1.37973237e+10
2.06688025e-05	9.14740108e-02	1.37973176e+10
2.11020343e-05	9.33913977e-02	1.37973113e+10
2.15443469e-05	9.53489757e-02	1.37973049e+10
2.19959307e-05	9.73475871e-02	1.37972984e+10
2.24569800e-05	9.93880923e-02	1.37972917e+10
2.29276931e-05	1.01471369e-01	1.37972850e+10
2.34082728e-05	1.03598315e-01	1.37972780e+10
2.38989257e-05	1.05769844e-01	1.37972709e+10
2.43998630e-05	1.07986891e-01	1.37972637e+10
2.49113003e-05	1.10250411e-01	1.37972563e+10
2.54334576e-05	1.12561378e-01	1.37972488e+10
2.59665597e-05	1.14920786e-01	1.37972411e+10
2.65108360e-05	1.17329651e-01	1.37972332e+10
2.70665207e-05	1.19789009e-01	1.37972252e+10
2.76338529e-05	1.22299920e-01	1.37972170e+10
2.82130768e-05	1.24863463e-01	1.37972087e+10
2.88044415e-05	1.27480741e-01	1.37972001e+10
2.94082017e-05	1.30152882e-01	1.37971914e+10
3.00246171e-05	1.32881036e-01	1.37971825e+10
3.06539530e-05	1.35666376e-01	1.37971734e+10
3.12964801e-05	1.38510102e-01	1.37971642e+10
3.19524751e-05	1.41413436e-01	1.37971547e+10
3.26222201e-05	1.44377630e-01	1.37971450e+10
3.33060034e-05	1.47403958e-01	1.37971352e+10
3.40041193e-05	1.50493723e-01	1.37971251e+10
3.47168682e-05	1.53648256e-01	1.37971148e+10
3.54445567e-05	1.56868912e-01	1.37971043e+10
3.61874981e-05	1.60157080e-01	1.37970936e+10
3.69460121e-05	1.63514174e-01	1.37970826e+10
3.77204249e-05	1.66941639e-01	1.37970714e+10
3.85110700e-05	1.70440949e-01	1.37970600e+10
3.93182876e-05	1.74013613e-01	1.37970484e+10
4.01424249e-05	1.77661166e-01	1.37970365e+10
4.09838367e-05	1.81385178e-01	1.37970243e+10
4.18428851e-05	1.85187254e-01	1.37970119e+10
4.27199397e-05	1.89069029e-01	1.37969993e+10
4.36153779e-05	1.93032174e-01	1.37969864e+10
4.45295851e-05	1.97078395e-01	1.37969732e+10
4.54629547e-05	2.01209432e-01	1.37969597e+10
4.64158883e-05	2.05427066e-01	1.37969459e+10
4.73887961e-05	2.09733110e-01	1.37969319e+10
4.83820966e-05	2.14129418e-01	1.37969176e+10
4.93962174e-05	2.18617883e-01	1.37969029e+10
5.04315949e-05	2.23200436e-01	1.37968880e+10
5.14886745e-05	2.27879050e-01	1.37968727e+10
5.25679112e-05	2.32655739e-01	1.37968571e+10
5.36697695e-05	2.37532558e-01	1.37968412e+10
5.47947234e-05	2.42511608e-01	1.37968250e+10
5.59432571e-05	2.47595030e-01	1.37968084e+10
5.71158648e-05	2.52785013e-01	1.37967915e+10
5.83130511e-05	2.58083792e-01	1.37967742e+10
5.95353313e-05	2.63493647e-01	1.37967566e+10
6.07832313e-05	2.69016906e-01	1.37967386e+10
6.20572881e-05	2.74655947e-01	1.37967202e+10
6.33580499e-05	2.80413198e-01	1.37967014e+10
6.46860766e-05	2.86291136e-01	1.37966822e+10
6.60419396e-05	2.92292293e-01	1.37966627e+10
6.74262224e-05	2.98419250e-01	1.37966427e+10
6.88395207e-05	3.04674646e-01	1.37966223e+10
7.02824426e-05	3.11061173e-01	1.37966015e+10
7.17556092e-05	3.17581581e-01	1.37965802e+10
7.32596543e-05	3.24238675e-01	1.37965585e+10
7.47952252e-05	3.31035323e-01	1.37965363e+10
7.63629826e-05	3.37974450e-01	1.37965137e+10
7.79636013e-05	3.45059043e-01	1.37964906e+10
7.95977700e-05	3.52292151e-01	1.37964670e+10
8.12661920e-05	3.59676889e-01	1.37964429e+10
8.29695852e-05	3.67216435e-01	1.37964183e+10
8.47086827e-05	3.74914035e-01	1.37963932e+10
8.64842328e-05	3.82773004e-01	1.37963676e+10
8.82969996e-05	3.90796724e-01	1.37963415e+10
9.01477631e-05	3.98988649e-01	1.37963147e+10
9.20373200e-05	4.07352307e-01	1.37962875e+10
9.39664831e-05	4.15891297e-01	1.37962596e+10
9.59360829e-05	4.24609297e-01	1.37962312e+10
9.79469667e-05	4.33510058e-01	1.37962022e+10
1.00000000e-04	4.42597414e-01	1.37961726e+10
1.02096066e-04	4.51875277e-01	1.37961423e+10
1.04236067e-04	4.61347640e-01	1.37961114e+10
1.06420924e-04	4.71018583e-01	1.37960799e+10
1.08651577e-04	4.80892268e-01	1.37960477e+10
1.10928986e-04	4.90972947e-01	1.37960148e+10
1.13254132e-04	5.01264961e-01	1.37959813e+10
1.15628013e-04	5.11772739e-01	1.37959470e+10
1.18051653e-04	5.22500808e-01	1.37959120e+10
1.20526094e-04	5.33453785e-01	1.37958763e+10
1.23052400e-04	5.44636386e-01	1.37958399e+10
1.25631660e-04	5.56053427e-01	1.37958026e+10
1.28264983e-04	5.67709823e-01	1.37957646e+10
1.30953502e-04	5.79610594e-01	1.37957258e+10
1.33698374e-04	5.91760864e-01	1.37956862e+10
1.36500781e-04	6.04165864e-01	1.37956458e+10
1.39361927e-04	6.16830936e-01	1.37956045e+10
1.42283046e-04	6.29761534e-01	1.37955623e+10
1.45265393e-04	6.42963226e-01	1.37955193e+10
1.48310251e-04	6.56441696e-01	1.37954753e+10
1.51418933e-04	6.70202749e-01	1.37954305e+10
1.54592774e-04	6.84252310e-01	1.37953847e+10
1.57833141e-04	6.98596431e-01	1.37953379e+10
1.61141428e-04	7.13241287e-01	1.37952902e+10
1.64519059e-04	7.28193186e-01	1.37952414e+10
1.67967487e-04	7.43458566e-01	1.37951917e+10
1.71488197e-04	7.59044002e-01	1.37951409e+10
1.75082703e-04	7.74956207e-01	1.37950890e+10
1.78752553e-04	7.91202032e-01	1.37950360e+10
1.82499324e-04	8.07788475e-01	1.37949820e+10
1.86324631e-04	8.24722680e-01	1.37949268e+10
1.90230119e-04	8.42011939e-01	1.37948704e+10
1.94217468e-04	8.59663700e-01	1.37948129e+10
1.98288395e-04	8.77685564e-01	1.37947541e+10
2.02444651e-04	8.96085295e-01	1.37946941e+10
2.06688025e-04	9.14870818e-01	1.37946329e+10
2.11020343e-04	9.34050224e-01	1.37945704e+10
2.15443469e-04	9.53631775e-01	1.37945066e+10
2.19959307e-04	9.73623905e-01	1.37944414e+10
2.24569800e-04	9.94035227e-01	1.37943749e+10
2.29276931e-04	1.01487453e+00	1.37943070e+10
2.34082728e-04	1.03615080e+00	1.37942376e+10
2.38989257e-04	1.05787319e+00	1.37941668e+10
2.43998630e-04	1.08005107e+00	1.37940945e+10
2.49113003e-04	1.10269399e+00	1.37940207e+10
2.54334576e-04	1.12581170e+00	1.37939454e+10
2.59665597e-04	1.14941416e+00	1.37938685e+10
2.65108360e-04	1.17351155e+00	1.37937899e+10
2.70665207e-04	1.19811424e+00	1.37937098e+10
2.76338529e-04	1.22323284e+00	1.37936279e+10
2.82130768e-04	1.24887816e+00	1.37935443e+10
2.88044415e-04	1.27506127e+00	1.37934590e+10
2.94082017e-04	1.30179343e+00	1.37933719e+10
3.00246171e-04	1.32908617e+00	1.37932829e+10
3.06539530e-04	1.35695126e+00	1.37931921e+10
3.12964801e-04	1.38540069e+00	1.37930994e+10
3.19524751e-04	1.41444673e+00	1.37930048e+10
3.26222201e-04	1.44410190e+00	1.37929082e+10
3.33060034e-04	1.47437897e+00	1.37928095e+10
3.40041193e-04	1.50529100e+00	1.37927088e+10
3.47168682e-04	1.53685131e+00	1.37926060e+10
3.54445567e-04	1.56907350e+00	1.37925010e+10
3.61874981e-04	1.60197145e+00	1.37923938e+10
3.69460121e-04	1.63555936e+00	1.37922844e+10
3.77204249e-04	1.66985170e+00	1.37921726e+10
3.85110700e-04	1.70486325e+00	1.37920586e+10
3.93182876e-04	1.74060910e+00	1.37919421e+10
4.01424249e-04	1.77710466e+00	1.37918232e+10
4.09838367e-04	1.81436567e+00	1.37917019e+10
4.18428851e-04	1.85240820e+00	1.37915779e+10
4.27199397e-04	1.89124863e+00	1.37914514e+10
4.36153779e-04	1.93090373e+00	1.37913222e+10
4.45295851e-04	1.97139059e+00	1.37911904e+10
4.54629547e-04	2.01272666e+00	1.37910557e+10
4.64158883e-04	2.05492978e+00	1.37909183e+10
4.73887961e-04	2.09801814e+00	1.37907779e+10
4.83820966e-04	2.14201032e+00	1.37906347e+10
4.93962174e-04	2.18692530e+00	1.37904884e+10
5.04315949e-04	2.23278245e+00	1.37903390e+10
5.14886745e-04	2.27960155e+00	1.37901866e+10
5.25679112e-04	2.32740279e+00	1.37900309e+10
5.36697695e-04	2.37620679e+00	1.37898720e+10
5.47947234e-04	2.42603461e+00	1.37897097e+10
5.59432571e-04	2.47690774e+00	1.37895441e+10
5.71158648e-04	2.52884813e+00	1.37893750e+10
5.83130511e-04	2.58187819e+00	1.37892023e+10
5.95353313e-04	2.63602079e+00	1.37890260e+10
6.07832313e-04	2.69129931e+00	1.37888460e+10
6.20572881e-04	2.74773760e+00	1.37886623e+10
6.33580499e-04	2.80536000e+00	1.37884747e+10
6.46860766e-04	2.86419140e+00	1.37882832e+10
6.60419396e-04	2.92425718e+00	1.37880877e+10
6.74262224e-04	2.98558327e+00	1.37878881e+10
6.88395207e-04	3.04819613e+00	1.37876843e+10
7.02824426e-04	3.11212280e+00	1.37874762e+10
7.17556092e-04	3.17739088e+00	1.37872638e+10
7.32596543e-04	3.24402854e+00	1.37870469e+10
7.47952252e-04	3.31206455e+00	1.37868255e+10
7.63629826e-04	3.38152830e+00	1.37865994e+10
7.79636013e-04	3.45244978e+00	1.37863687e+10
7.95977700e-04	3.52485961e+00	1.37861331e+10
8.12661920e-04	3.59878908e+00	1.37858925e+10
8.29695852e-04	3.67427010e+00	1.37856469e+10
8.47086827e-04	3.75133529e+00	1.37853962e+10
8.64842328e-04	3.83001794e+00	1.37851402e+10
8.82969996e-04	3.91035204e+00	1.37848789e+10
9.01477631e-04	3.99237230e+00	1.37846121e+10
9.20373200e-04	4.07611415e+00	1.37843397e+10
9.39664831e-04	4.16161380e+00	1.37840616e+10
9.59360829e-04	4.24890818e+00	1.37837777e+10
9.79469667e-04	4.33803503e+00	1.37834879e+10
1.00000000e-03	4.42903286e+00	1.37831920e+10
1.02096066e-03	4.52194103e+00	1.37828899e+10
1.04236067e-03	4.61679970e+00	1.37825814e+10
1.06420924e-03	4.71364987e+00	1.37822665e+10
1.08651577e-03	4.81253343e+00	1.37819451e+10
1.10928986e-03	4.91349314e+00	1.37816169e+10
1.13254132e-03	5.01657267e+00	1.37812818e+10
1.15628013e-03	5.12181660e+00	1.37809397e+10
1.18051653e-03	5.22927047e+00	1.37805905e+10
1.20526094e-03	5.33898075e+00	1.37802339e+10
1.23052400e-03	5.45099492e+00	1.37798699e+10
1.25631660e-03	5.56536145e+00	1.37794983e+10
1.28264983e-03	5.68212985e+00	1.37791189e+10
1.30953502e-03	5.80135064e+00	1.37787315e+10
1.33698374e-03	5.92307545e+00	1.37783361e+10
1.36500781e-03	6.04735696e+00	1.37779324e+10
1.39361927e-03	6.17424900e+00	1.37775202e+10
1.42283046e-03	6.30380651e+00	1.37770994e+10
1.45265393e-03	6.43608562e+00	1.37766699e+10
1.48310251e-03	6.57114361e+00	1.37762313e+10
1.51418933e-03	6.70903899e+00	1.37757835e+10
1.54592774e-03	6.84983153e+00	1.37753264e+10
1.57833141e-03	6.99358222e+00	1.37748598e+10
1.61141428e-03	7.14035338e+00	1.37743834e+10
1.64519059e-03	7.29020862e+00	1.37738970e+10
1.67967487e-03	7.44321292e+00	1.37734004e+10
1.71488197e-03	7.59943261e+00	1.37728935e+10
1.75082703e-03	7.75893545e+00	1.37723759e+10
1.78752553e-03	7.92179063e+00	1.37718476e+10
1.82499324e-03	8.08806878e+00	1.37713082e+10
1.86324631e-03	8.25784207e+00	1.37707575e+10
1.90230119e-03	8.43118416e+00	1.37701953e+10
1.94217468e-03	8.60817029e+00	1.37696214e+10
1.98288395e-03	8.78887730e+00	1.37690355e+10
2.02444651e-03	8.97338364e+00	1.37684373e+10
2.06688025e-03	9.16176946e+00	1.37678266e+10
2.11020343e-03	9.35411657e+00	1.37672032e+10
2.15443469e-03	9.55050854e+00	1.37665667e+10
2.19959307e-03	9.75103070e+00	1.37659169e+10
2.24569800e-03	9.95577022e+00	1.37652536e+10
2.29276931e-03	1.01648161e+01	1.37645764e+10
2.34082728e-03	1.03782592e+01	1.37638850e+10
2.38989257e-03	1.05961924e+01	1.37631793e+10
2.43998630e-03	1.08187104e+01	1.37624587e+10
2.49113003e-03	1.10459102e+01	1.37617232e+10
2.54334576e-03	1.12778904e+01	1.37609722e+10
2.59665597e-03	1.15147523e+01	1.37602056e+10
2.65108360e-03	1.17565988e+01	1.37594230e+10
2.70665207e-03	1.20035352e+01	1.37586240e+10
2.76338529e-03	1.22556692e+01	1.37578084e+10
2.82130768e-03	1.25131107e+01	1.37569757e+10
2.88044415e-03	1.27759717e+01	1.37561256e+10
2.94082017e-03	1.30443669e+01	1.37552579e+10
3.00246171e-03	1.33184134e+01	1.37543719e+10
3.06539530e-03	1.35982306e+01	1.37534676e+10
3.12964801e-03	1.38839407e+01	1.37525443e+10
3.19524751e-03	1.41756683e+01	1.37516018e+10
3.26222201e-03	1.44735408e+01	1.37506396e+10
3.33060034e-03	1.47776882e+01	1.37496573e+10
3.40041193e-03	1.50882435e+01	1.37486546e+10
3.47168682e-03	1.54053423e+01	1.37476309e+10
3.54445567e-03	1.57291232e+01	1.37465859e+10
3.61874981e-03	1.60597277e+01	1.37455191e+10
3.69460121e-03	1.63973005e+01	1.37444301e+10
3.77204249e-03	1.67419892e+01	1.37433183e+10
3.85110700e-03	1.70939448e+01	1.37421834e+10
3.93182876e-03	1.74533212e+01	1.37410249e+10
4.01424249e-03	1.78202760e+01	1.37398422e+10
4.09838367e-03	1.81949698e+01	1.37386348e+10
4.18428851e-03	1.85775668e+01	1.37374023e+10
4.27199397e-03	1.89682349e+01	1.37361441e+10
4.36153779e-03	1.93671453e+01	1.37348597e+10
4.45295851e-03	1.97744732e+01	1.37335486e+10
4.54629547e-03	2.01903972e+01	1.37322102e+10
4.64158883e-03	2.06151002e+01	1.37308439e+10
4.73887961e-03	2.10487685e+01	1.37294491e+10
4.83820966e-03	2.14915929e+01	1.37280254e+10
4.93962174e-03	2.19437681e+01	1.37265719e+10
5.04315949e-03	2.24054928e+01	1.37250883e+10
5.14886745e-03	2.28769705e+01	1.37235738e+10
5.25679112e-03	2.33584085e+01	1.37220278e+10
5.36697695e-03	2.38500191e+01	1.37204496e+10
5.47947234e-03	2.43520188e+01	1.37188386e+10
5.59432571e-03	2.48646290e+01	1.37171941e+10
5.71158648e-03	2.53880759e+01	1.37155155e+10
5.83130511e-03	2.59225904e+01	1.37138019e+10
5.95353313e-03	2.64684086e+01	1.37120527e+10
6.07832313e-03	2.70257716e+01	1.37102672e+10
6.20572881e-03	2.75949258e+01	1.37084446e+10
6.33580499e-03	2.81761230e+01	1.37065842e+10
6.46860766e-03	2.87696203e+01	1.37046851e+10
6.60419396e-03	2.93756806e+01	1.37027466e+10
6.74262224e-03	2.99945724e+01	1.37007679e+10
6.88395207e-03	3.06265700e+01	1.36987481e+10
7.02824426e-03	3.12719537e+01	1.36966863e+10
7.17556092e-03	3.19310100e+01	1.36945819e+10
7.32596543e-03	3.26040317e+01	1.36924337e+10
7.47952252e-03	3.32913178e+01	1.36902411e+10
7.63629826e-03	3.39931739e+01	1.36880030e+10
7.79636013e-03	3.47099123e+01	1.36857185e+10
7.95977700e-03	3.54418523e+01	1.36833866e+10
8.12661920e-03	3.61893200e+01	1.36810065e+10
8.29695852e-03	3.69526486e+01	1.36785771e+10
8.47086827e-03	3.77321788e+01	1.36760973e+10
8.64842328e-03	3.85282587e+01	1.36735663e+10
8.82969996e-03	3.93412440e+01	1.36709828e+10
9.01477631e-03	4.01714983e+01	1.36683460e+10
9.20373200e-03	4.10193933e+01	1.36656546e+10
9.39664831e-03	4.18853086e+01	1.36629075e+10
9.59360829e-03	4.27696326e+01	1.36601036e+10
9.79469667e-03	4.36727618e+01	1.36572419e+10
1.00000000e-02	4.45951019e+01	1.36543210e+10
1.02096066e-02	4.55370673e+01	1.36513397e+10
1.04236067e-02	4.64990817e+01	1.36482970e+10
1.06420924e-02	4.74815782e+01	1.36451914e+10
1.08651577e-02	4.84849995e+01	1.36420217e+10
1.10928986e-02	4.95097981e+01	1.36387867e+10
1.13254132e-02	5.05564366e+01	1.36354850e+10
1.15628013e-02	5.16253879e+01	1.36321152e+10
1.18051653e-02	5.27171355e+01	1.36286760e+10
1.20526094e-02	5.38321736e+01	1.36251660e+10
1.23052400e-02	5.49710076e+01	1.36215837e+10
1.25631660e-02	5.61341540e+01	1.36179276e+10
1.28264983e-02	5.73221411e+01	1.36141964e+10
1.30953502e-02	5.85355088e+01	1.36103884e+10
1.33698374e-02	5.97748093e+01	1.36065022e+10
1.36500781e-02	6.10406073e+01	1.36025360e+10
1.39361927e-02	6.23334800e+01	1.35984885e+10
1.42283046e-02	6.36540177e+01	1.35943578e+10
1.45265393e-02	6.50028241e+01	1.35901423e+10
1.48310251e-02	6.63805165e+01	1.35858404e+10
1.51418933e-02	6.77877261e+01	1.35814503e+10
1.54592774e-02	6.92250986e+01	1.35769702e+10
1.57833141e-02	7.06932941e+01	1.35723983e+10
1.61141428e-02	7.21929879e+01	1.35677329e+10
1.64519059e-02	7.37248706e+01	1.35629719e+10
1.67967487e-02	7.52896486e+01	1.35581136e+10
1.71488197e-02	7.68880444e+01	1.35531560e+10
1.75082703e-02	7.85207969e+01	1.35480971e+10
1.78752553e-02	8.01886622e+01	1.35429348e+10
1.82499324e-02	8.18924134e+01	1.35376672e+10
1.86324631e-02	8.36328417e+01	1.35322922e+10
1.90230119e-02	8.54107563e+01	1.35268075e+10
1.94217468e-02	8.72269850e+01	1.35212111e+10
1.98288395e-02	8.90823748e+01	1.35155008e+10
2.02444651e-02	9.09777924e+01	1.35096742e+10
2.06688025e-02	9.29141243e+01	1.35037292e+10
2.11020343e-02	9.48922779e+01	1.34976633e+10
2.15443469e-02	9.69131813e+01	1.34914742e+10
2.19959307e-02	9.89777846e+01	1.34851595e+10
2.24569800e-02	1.01087060e+02	1.34787167e+10
2.29276931e-02	1.03242001e+02	1.34721433e+10
2.34082728e-02	1.05443628e+02	1.34654368e+10
2.38989257e-02	1.07692981e+02	1.34585945e+10
2.43998630e-02	1.09991126e+02	1.34516138e+10
2.49113003e-02	1.12339157e+02	1.34444920e+10
2.54334576e-02	1.14738188e+02	1.34372264e+10
2.59665597e-02	1.17189365e+02	1.34298142e+10
2.65108360e-02	1.19693858e+02	1.34222526e+10
2.70665207e-02	1.22252865e+02	1.34145386e+10
2.76338529e-02	1.24867612e+02	1.34066693e+10
2.82130768e-02	1.27539357e+02	1.33986417e+10
2.88044415e-02	1.30269385e+02	1.33904529e+10
2.94082017e-02	1.33059013e+02	1.33820996e+10
3.00246171e-02	1.35909589e+02	1.33735788e+10
3.06539530e-02	1.38822493e+02	1.33648872e+10
3.12964801e-02	1.41799140e+02	1.33560216e+10
3.19524751e-02	1.44840977e+02	1.33469787e+10
3.26222201e-02	1.47949487e+02	1.33377551e+10
3.33060034e-02	1.51126188e+02	1.33283474e+10
3.40041193e-02	1.54372638e+02	1.33187521e+10
3.47168682e-02	1.57690427e+02	1.33089657e+10
3.54445567e-02	1.61081190e+02	1.32989846e+10
3.61874981e-02	1.64546596e+02	1.32888050e+10
3.69460121e-02	1.68088361e+02	1.32784234e+10
3.77204249e-02	1.71708237e+02	1.32678359e+10
3.85110700e-02	1.75408024e+02	1.32570387e+10
3.93182876e-02	1.79189562e+02	1.32460279e+10
4.01424249e-02	1.83054741e+02	1.32347996e+10
4.09838367e-02	1.87005493e+02	1.32233497e+10
4.18428851e-02	1.91043802e+02	1.32116741e+10
4.27199397e-02	1.95171699e+02	1.31997687e+10
4.36153779e-02	1.99391266e+02	1.31876293e+10
4.45295851e-02	2.03704637e+02	1.31752517e+10
4.54629547e-02	2.08113999e+02	1.31626314e+10
4.64158883e-02	2.12621595e+02	1.31497641e+10
4.73887961e-02	2.17229723e+02	1.31366453e+10
4.83820966e-02	2.21940740e+02	1.31232705e+10
4.93962174e-02	2.26757063e+02	1.31096350e+10
5.04315949e-02	2.31681167e+02	1.30957343e+10
5.14886745e-02	2.36715594e+02	1.30815636e+10
5.25679112e-02	2.41862948e+02	1.30671180e+10
5.36697695e-02	2.47125901e+02	1.30523928e+10
5.47947234e-02	2.52507191e+02	1.30373830e+10
5.59432571e-02	2.58009628e+02	1.30220837e+10
5.71158648e-02	2.63636094e+02	1.30064896e+10
5.83130511e-02	2.69389545e+02	1.29905958e+10
5.95353313e-02	2.75273013e+02	1.29743969e+10
6.07832313e-02	2.81289609e+02	1.29578879e+10
6.20572881e-02	2.87442524e+02	1.29410632e+10
6.33580499e-02	2.93735032e+02	1.29239176e+10
6.46860766e-02	3.00170493e+02	1.29064456e+10
6.60419396e-02	3.06752353e+02	1.28886416e+10
6.74262224e-02	3.13484151e+02	1.28705001e+10
6.88395207e-02	3.20369517e+02	1.28520154e+10
7.02824426e-02	3.27412177e+02	1.28331817e+10
7.17556092e-02	3.34615954e+02	1.28139934e+10
7.32596543e-02	3.41984774e+02	1.27944445e+10
7.47952252e-02	3.49522665e+02	1.27745292e+10
7.63629826e-02	3.57233765e+02	1.27542415e+10
7.79636013e-02	3.65122318e+02	1.27335753e+10
7.95977700e-02	3.73192685e+02	1.27125246e+10
8.12661920e-02	3.81449340e+02	1.26910832e+10
8.29695852e-02	3.89896881e+02	1.26692449e+10
8.47086827e-02	3.98540026e+02	1.26470036e+10
8.64842328e-02	4.07383622e+02	1.26243528e+10
8.82969996e-02	4.16432645e+02	1.26012862e+10
9.01477631e-02	4.25692208e+02	1.25777975e+10
9.20373200e-02	4.35167560e+02	1.25538801e+10
9.39664831e-02	4.44864093e+02	1.25295275e+10
9.59360829e-02	4.54787348e+02	1.25047333e+10
9.79469667e-02	4.64943014e+02	1.24794907e+10
1.00000000e-01	4.75336937e+02	1.24537933e+10
1.02096066e-01	4.85975124e+02	1.24276343e+10
1.04236067e-01	4.96863744e+02	1.24010070e+10
1.06420924e-01	5.08009137e+02	1.23739047e+10
1.08651577e-01	5.19417820e+02	1.23463206e+10
1.10928986e-01	5.31096485e+02	1.23182480e+10
1.13254132e-01	5.43052013e+02	1.22896801e+10
1.15628013e-01	5.55291474e+02	1.22606100e+10
1.18051653e-01	5.67822133e+02	1.22310308e+10
1.20526094e-01	5.80651459e+02	1.22009358e+10
1.23052400e-01	5.93787127e+02	1.21703181e+10
1.25631660e-01	6.07237027e+02	1.21391708e+10
1.28264983e-01	6.21009270e+02	1.21074871e+10
1.30953502e-01	6.35112192e+02	1.20752600e+10
1.33698374e-01	6.49554364e+02	1.20424829e+10
1.36500781e-01	6.64344596e+02	1.20091487e+10
1.39361927e-01	6.79491946e+02	1.19752508e+10
1.42283046e-01	6.95005728e+02	1.19407824e+10
1.45265393e-01	7.10895516e+02	1.19057367e+10
1.48310251e-01	7.27171154e+02	1.18701070e+10
1.51418933e-01	7.43842766e+02	1.18338866e+10
1.54592774e-01	7.60920761e+02	1.17970689e+10
1.57833141e-01	7.78415841e+02	1.17596474e+10
1.61141428e-01	7.96339012e+02	1.17216156e+10
1.64519059e-01	8.14701591e+02	1.16829670e+10
1.67967487e-01	8.33515217e+02	1.16436954e+10
1.71488197e-01	8.52791859e+02	1.16037943e+10
1.75082703e-01	8.72543824e+02	1.15632578e+10
1.78752553e-01	8.92783770e+02	1.15220797e+10
1.82499324e-01	9.13524716e+02	1.14802540e+10
1.86324631e-01	9.34780047e+02	1.14377750e+10
1.90230119e-01	9.56563532e+02	1.13946369e+10
1.94217468e-01	9.78889332e+02	1.13508341e+10
1.98288395e-01	1.00177201e+03	1.13063613e+10
2.02444651e-01	1.02522653e+03	1.12612130e+10
2.06688025e-01	1.04926832e+03	1.12153844e+10
2.11020343e-01	1.07391320e+03	1.11688702e+10
2.15443469e-01	1.09917746e+03	1.11216660e+10
2.19959307e-01	1.12507786e+03	1.10737670e+10
2.24569800e-01	1.15163164e+03	1.10251689e+10
2.29276931e-01	1.17885650e+03	1.09758676e+10
2.34082728e-01	1.20677067e+03	1.09258592e+10
2.38989257e-01	1.23539290e+03	1.08751400e+10
2.43998630e-01	1.26474244e+03	1.08237066e+10
2.49113003e-01	1.29483911e+03	1.07715558e+10
2.54334576e-01	1.32570329e+03	1.07186848e+10
2.59665597e-01	1.35735593e+03	1.06650909e+10
2.65108360e-01	1.38981857e+03	1.06107719e+10
2.70665207e-01	1.42311335e+03	1.05557257e+10
2.76338529e-01	1.45726306e+03	1.04999507e+10
2.82130768e-01	1.49229109e+03	1.04434455e+10
2.88044415e-01	1.52822152e+03	1.03862092e+10
2.94082017e-01	1.56507909e+03	1.03282411e+10
3.00246171e-01	1.60288922e+03	1.02695410e+10
3.06539530e-01	1.64167805e+03	1.02101090e+10
3.12964801e-01	1.68147246e+03	1.01499457e+10
3.19524751e-01	1.72230006e+03	1.00890519e+10
3.26222201e-01	1.76418921e+03	1.00274290e+10
3.33060034e-01	1.80716909e+03	9.96507892e+09
3.40041193e-01	1.85126964e+03	9.90200377e+09
3.47168682e-01	1.89652166e+03	9.83820631e+09
3.54445567e-01	1.94295678e+03	9.77368970e+09
3.61874981e-01	1.99060748e+03	9.70845762e+09
3.69460121e-01	2.03950714e+03	9.64251422e+09
3.77204249e-01	2.08969004e+03	9.57586416e+09
3.85110700e-01	2.14119139e+03	9.50851262e+09
3.93182876e-01	2.19404734e+03	9.44046531e+09
4.01424249e-01	2.24829501e+03	9.37172848e+09
4.09838367e-01	2.30397253e+03	9.30230893e+09
4.18428851e-01	2.36111903e+03	9.23221401e+09
4.27199397e-01	2.41977467e+03	9.16145163e+09
4.36153779e-01	2.47998070e+03	9.09003029e+09
4.45295851e-01	2.54177943e+03	9.01795906e+09
4.54629547e-01	2.60521428e+03	8.94524759e+09
4.64158883e-01	2.67032983e+03	8.87190615e+09
4.73887961e-01	2.73717179e+03	8.79794559e+09
4.83820966e-01	2.80578706e+03	8.72337735e+09
4.93962174e-01	2.87622375e+03	8.64821350e+09
5.04315949e-01	2.94853120e+03	8.57246671e+09
5.14886745e-01	3.02276002e+03	8.49615026e+09
5.25679112e-01	3.09896210e+03	8.41927804e+09
5.36697695e-01	3.17719062e+03	8.34186455e+09
5.47947234e-01	3.25750014e+03	8.26392490e+09
5.59432571e-01	3.33994654e+03	8.18547482e+09
5.71158648e-01	3.42458713e+03	8.10653061e+09
5.83130511e-01	3.51148061e+03	8.02710919e+09
5.95353313e-01	3.60068715e+03	7.94722808e+09
6.07832313e-01	3.69226839e+03	7.86690534e+09
6.20572881e-01	3.78628747e+03	7.78615966e+09
6.33580499e-01	3.88280907e+03	7.70501025e+09
6.46860766e-01	3.98189943e+03	7.62347689e+09
6.60419396e-01	4.08362638e+03	7.54157991e+09
6.74262224e-01	4.18805940e+03	7.45934013e+09
6.88395207e-01	4.29526960e+03	7.37677892e+09
7.02824426e-01	4.40532977e+03	7.29391810e+09
7.17556092e-01	4.51831445e+03	7.21078001e+09
7.32596543e-01	4.63429992e+03	7.12738741e+09
7.47952252e-01	4.75336423e+03	7.04376349e+09
7.63629826e-01	4.87558726e+03	6.95993188e+09
7.79636013e-01	5.00105075e+03	6.87591656e+09
7.95977700e-01	5.12983833e+03	6.79174191e+09
8.12661920e-01	5.26203553e+03	6.70743261e+09
8.29695852e-01	5.39772988e+03	6.62301366e+09
8.47086827e-01	5.53701088e+03	6.53851036e+09
8.64842328e-01	5.67997007e+03	6.45394824e+09
8.82969996e-01	5.82670109e+03	6.36935304e+09
9.01477631e-01	5.97729968e+03	6.28475072e+09
9.20373200e-01	6.13186373e+03	6.20016736e+09
9.39664831e-01	6.29049336e+03	6.11562920e+09
9.59360829e-01	6.45329090e+03	6.03116254e+09
9.79469667e-01	6.62036100e+03	5.94679376e+09
1.00000000e+00	6.79181062e+03	5.86254926e+09
1.02096066e+00	6.96774913e+03	5.77845539e+09
1.04236067e+00	7.14828831e+03	5.69453851e+09
1.06420924e+00	7.33354242e+03	5.61082486e+09
1.08651577e+00	7.52362827e+03	5.52734056e+09
1.10928986e+00	7.71866523e+03	5.44411160e+09
1.13254132e+00	7.91877533e+03	5.36116376e+09
1.15628013e+00	8.12408328e+03	5.27852261e+09
1.18051653e+00	8.33471654e+03	5.19621345e+09
1.20526094e+00	8.55080539e+03	5.11426130e+09
1.23052400e+00	8.77248298e+03	5.03269085e+09
1.25631660e+00	8.99988538e+03	4.95152643e+09
1.28264983e+00	9.23315166e+03	4.87079198e+09
1.30953502e+00	9.47242396e+03	4.79051103e+09
1.33698374e+00	9.71784754e+03	4.71070666e+09
1.36500781e+00	9.96957085e+03	4.63140145e+09
1.39361927e+00	1.02277456e+04	4.55261751e+09
1.42283046e+00	1.04925270e+04	4.47437637e+09
1.45265393e+00	1.07640733e+04	4.39669905e+09
1.48310251e+00	1.10425467e+04	4.31960595e+09
1.51418933e+00	1.13281126e+04	4.24311690e+09
1.54592774e+00	1.16209403e+04	4.16725107e+09
1.57833141e+00	1.19212026e+04	4.09202703e+09
1.61141428e+00	1.22290765e+04	4.01746265e+09
1.64519059e+00	1.25447425e+04	3.94357513e+09
1.67967487e+00	1.28683853e+04	3.87038100e+09
1.71488197e+00	1.32001937e+04	3.79789607e+09
1.75082703e+00	1.35403606e+04	3.72613543e+09
1.78752553e+00	1.38890832e+04	3.65511345e+09
1.82499324e+00	1.42465630e+04	3.58484377e+09
1.86324631e+00	1.46130063e+04	3.51533928e+09
1.90230119e+00	1.49886236e+04	3.44661215e+09
1.94217468e+00	1.53736301e+04	3.37867378e+09
1.98288395e+00	1.57682461e+04	3.31153483e+09
2.02444651e+00	1.61726966e+04	3.24520521e+09
2.06688025e+00	1.65872114e+04	3.17969408e+09
2.11020343e+00	1.70120259e+04	3.11500987e+09
2.15443469e+00	1.74473802e+04	3.05116026e+09
2.19959307e+00	1.78935202e+04	2.98815220e+09
2.24569800e+00	1.83506971e+04	2.92599190e+09
2.29276931e+00	1.88191675e+04	2.86468488e+09
2.34082728e+00	1.92991941e+04	2.80423592e+09
2.38989257e+00	1.97910452e+04	2.74464912e+09
2.43998630e+00	2.02949951e+04	2.68592789e+09
2.49113003e+00	2.08113244e+04	2.62807496e+09
2.54334576e+00	2.13403197e+04	2.57109241e+09
2.59665597e+00	2.18822740e+04	2.51498166e+09
2.65108360e+00	2.24374872e+04	2.45974350e+09
2.70665207e+00	2.30062653e+04	2.40537812e+09
2.76338529e+00	2.35889217e+04	2.35188507e+09
2.82130768e+00	2.41857762e+04	2.29926337e+09
2.88044415e+00	2.47971563e+04	2.24751143e+09
2.94082017e+00	2.54233963e+04	2.19662714e+09
3.00246171e+00	2.60648382e+04	2.14660783e+09
3.06539530e+00	2.67218316e+04	2.09745036e+09
3.12964801e+00	2.73947336e+04	2.04915105e+09
3.19524751e+00	2.80839095e+04	2.00170577e+09
3.26222201e+00	2.87897327e+04	1.95510994e+09
3.33060034e+00	2.95125846e+04	1.90935854e+09
3.40041193e+00	3.02528555e+04	1.86444612e+09
3.47168682e+00	3.10109439e+04	1.82036684e+09
3.54445567e+00	3.17872573e+04	1.77711448e+09
3.61874981e+00	3.25822123e+04	1.73468247e+09
3.69460121e+00	3.33962346e+04	1.69306388e+09
3.77204249e+00	3.42297592e+04	1.65225148e+09
3.85110700e+00	3.50832309e+04	1.61223770e+09
3.93182876e+00	3.59571042e+04	1.57301472e+09
4.01424249e+00	3.68518436e+04	1.53457444e+09
4.09838367e+00	3.77679239e+04	1.49690850e+09
4.18428851e+00	3.87058302e+04	1.46000832e+09
4.27199397e+00	3.96660584e+04	1.42386509e+09
4.36153779e+00	4.06491153e+04	1.38846981e+09
4.45295851e+00	4.16555186e+04	1.35381330e+09
4.54629547e+00	4.26857976e+04	1.31988620e+09
4.64158883e+00	4.37404931e+04	1.28667899e+09
4.73887961e+00	4.48201578e+04	1.25418205e+09
4.83820966e+00	4.59253563e+04	1.22238560e+09
4.93962174e+00	4.70566657e+04	1.19127976e+09
5.04315949e+00	4.82146758e+04	1.16085457e+09
5.14886745e+00	4.93999891e+04	1.13109996e+09
5.25679112e+00	5.06132212e+04	1.10200582e+09
5.36697695e+00	5.18550013e+04	1.07356196e+09
5.47947234e+00	5.31259723e+04	1.04575817e+09
5.59432571e+00	5.44267908e+04	1.01858417e+09
5.71158648e+00	5.57581281e+04	9.92029692e+08
5.83130511e+00	5.71206698e+04	9.66084436e+08
5.95353313e+00	5.85151165e+04	9.40738104e+08
6.07832313e+00	5.99421840e+04	9.15980406e+08
6.20572881e+00	6.14026035e+04	8.91801067e+08
6.33580499e+00	6.28971224e+04	8.68189837e+08
6.46860766e+00	6.44265039e+04	8.45136499e+08
6.60419396e+00	6.59915279e+04	8.22630877e+08
6.74262224e+00	6.75929913e+04	8.00662843e+08
6.88395207e+00	6.92317081e+04	7.79222325e+08
7.02824426e+00	7.09085098e+04	7.58299312e+08
7.17556092e+00	7.26242460e+04	7.37883861e+08
7.32596543e+00	7.43797848e+04	7.17966105e+08
7.47952252e+00	7.61760128e+04	6.98536253e+08
7.63629826e+00	7.80138357e+04	6.79584603e+08
7.79636013e+00	7.98941789e+04	6.61101539e+08
7.95977700e+00	8.18179877e+04	6.43077540e+08
8.12661920e+00	8.37862278e+04	6.25503185e+08
8.29695852e+00	8.57998856e+04	6.08369152e+08
8.47086827e+00	8.78599687e+04	5.91666225e+08
8.64842328e+00	8.99675066e+04	5.75385300e+08
8.82969996e+00	9.21235506e+04	5.59517380e+08
9.01477631e+00	9.43291750e+04	5.44053585e+08
9.20373200e+00	9.65854769e+04	5.28985152e+08
9.39664831e+00	9.88935771e+04	5.14303437e+08
9.59360829e+00	1.01254620e+05	4.99999914e+08
9.79469667e+00	1.03669776e+05	4.86066183e+08
1.00000000e+01	1.06140239e+05	4.72493968e+08
1.02096066e+01	1.08667228e+05	4.59275115e+08
1.04236067e+01	1.11251991e+05	4.46401601e+08
1.06420924e+01	1.13895801e+05	4.33865527e+08
1.08651577e+01	1.16599957e+05	4.21659123e+08
1.10928986e+01	1.19365787e+05	4.09774748e+08
1.13254132e+01	1.22194649e+05	3.98204890e+08
1.15628013e+01	1.25087927e+05	3.86942165e+08
1.18051653e+01	1.28047038e+05	3.75979318e+08
1.20526094e+01	1.31073426e+05	3.65309226e+08
1.23052400e+01	1.34168568e+05	3.54924892e+08
1.25631660e+01	1.37333971e+05	3.44819447e+08
1.28264983e+01	1.40571177e+05	3.34986153e+08
1.30953502e+01	1.43881759e+05	3.25418398e+08
1.33698374e+01	1.47267322e+05	3.16109696e+08
1.36500781e+01	1.50729508e+05	3.07053688e+08
1.39361927e+01	1.54269994e+05	2.98244139e+08
1.42283046e+01	1.57890491e+05	2.89674941e+08
1.45265393e+01	1.61592747e+05	2.81340106e+08
1.48310251e+01	1.65378549e+05	2.73233770e+08
1.51418933e+01	1.69249719e+05	2.65350189e+08
1.54592774e+01	1.73208122e+05	2.57683739e+08
1.57833141e+01	1.77255659e+05	2.50228916e+08
1.61141428e+01	1.81394273e+05	2.42980330e+08
1.64519059e+01	1.85625948e+05	2.35932709e+08
1.67967487e+01	1.89952712e+05	2.29080895e+08
1.71488197e+01	1.94376635e+05	2.22419842e+08
1.75082703e+01	1.98899829e+05	2.15944615e+08
1.78752553e+01	2.03524454e+05	2.09650390e+08
1.82499324e+01	2.08252716e+05	2.03532450e+08
1.86324631e+01	2.13086865e+05	1.97586187e+08
1.90230119e+01	2.18029203e+05	1.91807094e+08
1.94217468e+01	2.23082076e+05	1.86190770e+08
1.98288395e+01	2.28247885e+05	1.80732917e+08
2.02444651e+01	2.33529078e+05	1.75429332e+08
2.06688025e+01	2.38928158e+05	1.70275917e+08
2.11020343e+01	2.44447680e+05	1.65268665e+08
2.15443469e+01	2.50090252e+05	1.60403667e+08
2.19959307e+01	2.55858540e+05	1.55677107e+08
2.24569800e+01	2.61755266e+05	1.51085260e+08
2.29276931e+01	2.67783207e+05	1.46624492e+08
2.34082728e+01	2.73945203e+05	1.42291256e+08
2.38989257e+01	2.80244152e+05	1.38082093e+08
2.43998630e+01	2.86683014e+05	1.33993627e+08
2.49113003e+01	2.93264812e+05	1.30022569e+08
2.54334576e+01	2.99992634e+05	1.26165708e+08
2.59665597e+01	3.06869631e+05	1.22419914e+08
2.65108360e+01	3.13899024e+05	1.18782137e+08
2.70665207e+01	3.21084099e+05	1.15249401e+08
2.76338529e+01	3.28428216e+05	1.11818809e+08
2.82130768e+01	3.35934802e+05	1.08487535e+08
2.88044415e+01	3.43607359e+05	1.05252824e+08
2.94082017e+01	3.51449464e+05	1.02111996e+08
3.00246171e+01	3.59464767e+05	9.90624349e+07
3.06539530e+01	3.67656997e+05	9.61015957e+07
3.12964801e+01	3.76029963e+05	9.32269982e+07
3.19524751e+01	3.84587554e+05	9.04362265e+07
3.26222201e+01	3.93333741e+05	8.77269283e+07
3.33060034e+01	4.02272578e+05	8.50968129e+07
3.40041193e+01	4.11408207e+05	8.25436496e+07
3.47168682e+01	4.20744858e+05	8.00652670e+07
3.54445567e+01	4.30286848e+05	7.76595510e+07
3.61874981e+01	4.40038588e+05	7.53244437e+07
3.69460121e+01	4.50004581e+05	7.30579422e+07
3.77204249e+01	4.60189425e+05	7.08580971e+07
3.85110700e+01	4.70597817e+05	6.87230114e+07
3.93182876e+01	4.81234552e+05	6.66508390e+07
4.01424249e+01	4.92104526e+05	6.46397837e+07
4.09838367e+01	5.03212741e+05	6.26880979e+07
4.18428851e+01	5.14564302e+05	6.07940815e+07
4.27199397e+01	5.26164424e+05	5.89560806e+07
4.36153779e+01	5.38018431e+05	5.71724865e+07
4.45295851e+01	5.50131760e+05	5.54417343e+07
4.54629547e+01	5.62509964e+05	5.37623023e+07
4.64158883e+01	5.75158711e+05	5.21327105e+07
4.73887961e+01	5.88083792e+05	5.05515196e+07
4.83820966e+01	6.01291118e+05	4.90173302e+07
4.93962174e+01	6.14786726e+05	4.75287815e+07
5.04315949e+01	6.28576779e+05	4.60845506e+07
5.14886745e+01	6.42667573e+05	4.46833513e+07
5.25679112e+01	6.57065535e+05	4.33239333e+07
5.36697695e+01	6.71777227e+05	4.20050811e+07
5.47947234e+01	6.86809352e+05	4.07256133e+07
5.59432571e+01	7.02168753e+05	3.94843816e+07
5.71158648e+01	7.17862419e+05	3.82802699e+07
5.83130511e+01	7.33897483e+05	3.71121937e+07
5.95353313e+01	7.50281234e+05	3.59790988e+07
6.07832313e+01	7.67021110e+05	3.48799609e+07
6.20572881e+01	7.84124708e+05	3.38137849e+07
6.33580499e+01	8.01599785e+05	3.27796035e+07
6.46860766e+01	8.19454264e+05	3.17764771e+07
6.60419396e+01	8.37696231e+05	3.08034929e+07
6.74262224e+01	8.56333945e+05	2.98597638e+07
6.88395207e+01	8.75375840e+05	2.89444284e+07
7.02824426e+01	8.94830526e+05	2.80566495e+07
7.17556092e+01	9.14706795e+05	2.71956143e+07
7.32596543e+01	9.35013626e+05	2.63605329e+07
7.47952252e+01	9.55760186e+05	2.55506383e+07
7.63629826e+01	9.76955835e+05	2.47634529e+07
7.79636013e+01	9.98610131e+05	2.40034509e+07
7.95977700e+01	1.02073283e+06	2.32647317e+07
8.12661920e+01	1.04333391e+06	2.25483455e+07
8.29695852e+01	1.06642353e+06	2.18536297e+07
8.47086827e+01	1.09001208e+06	2.11799406e+07
8.64842328e+01	1.11411018e+06	2.05266533e+07
8.82969996e+01	1.13872866e+06	1.98931611e+07
9.01477631e+01	1.16387857e+06	1.92788748e+07
9.20373200e+01	1.18957121e+06	1.86832223e+07
9.39664831e+01	1.21581811e+06	1.81056483e+07
9.59360829e+01	1.24263105e+06	1.75456135e+07
9.79469667e+01	1.27002204e+06	1.70025946e+07
1.00000000e+02	1.29800337e+06	1.64760832e+07
1.02096066e+02	1.32658755e+06	1.59655861e+07
1.04236067e+02	1.35578740e+06	1.54706243e+07
1.06420924e+02	1.38561598e+06	1.49907330e+07
1.08651577e+02	1.41608662e+06	1.45254609e+07
1.10928986e+02	1.44721296e+06	1.40743701e+07
1.13254132e+02	1.47900890e+06	1.36370353e+07
1.15628013e+02	1.51148865e+06	1.32130439e+07
1.18051653e+02	1.54466670e+06	1.28019955e+07
1.20526094e+02	1.57855786e+06	1.24035013e+07
1.23052400e+02	1.61317724e+06	1.20171841e+07
1.25631660e+02	1.64854029e+06	1.16426777e+07
1.28264983e+02	1.68466276e+06	1.12796269e+07
1.30953502e+02	1.72156075e+06	1.09276869e+07
1.33698374e+02	1.75925068e+06	1.05865230e+07
1.36500781e+02	1.79774933e+06	1.02558106e+07
1.39361927e+02	1.83707383e+06	9.93523452e+06
1.42283046e+02	1.87724167e+06	9.62448906e+06
1.45265393e+02	1.91827070e+06	9.32327753e+06
1.48310251e+02	1.96017915e+06	9.03131207e+06
1.51418933e+02	2.00298564e+06	8.74831335e+06
1.54592774e+02	2.04670918e+06	8.47401036e+06
1.57833141e+02	2.09136916e+06	8.20814015e+06
1.61141428e+02	2.13698541e+06	7.95044759e+06
1.64519059e+02	2.18357815e+06	7.70068515e+06
1.67967487e+02	2.23116804e+06	7.45861269e+06
1.71488197e+02	2.27977617e+06	7.22399722e+06
1.75082703e+02	2.32942406e+06	6.99661270e+06
1.78752553e+02	2.38013371e+06	6.77623985e+06
1.82499324e+02	2.43192755e+06	6.56266593e+06
1.86324631e+02	2.48482850e+06	6.35568459e+06
1.90230119e+02	2.53885997e+06	6.15509560e+06
1.94217468e+02	2.59404584e+06	5.96070478e+06
1.98288395e+02	2.65041051e+06	5.77232372e+06
2.02444651e+02	2.70797887e+06	5.58976968e+06
2.06688025e+02	2.76677636e+06	5.41286539e+06
2.11020343e+02	2.82682894e+06	5.24143890e+06
2.15443469e+02	2.88816310e+06	5.07532342e+06
2.19959307e+02	2.95080592e+06	4.91435717e+06
2.24569800e+02	3.01478502e+06	4.75838322e+06
2.29276931e+02	3.08012861e+06	4.60724937e+06
2.34082728e+02	3.14686550e+06	4.46080798e+06
2.38989257e+02	3.21502509e+06	4.31891587e+06
2.43998630e+02	3.28463741e+06	4.18143416e+06
2.49113003e+02	3.35573310e+06	4.04822815e+06
2.54334576e+02	3.42834346e+06	3.91916720e+06
2.59665597e+02	3.50250046e+06	3.79412462e+06
2.65108360e+02	3.57823670e+06	3.67297751e+06
2.70665207e+02	3.65558551e+06	3.55560671e+06
2.76338529e+02	3.73458088e+06	3.44189664e+06
2.82130768e+02	3.81525754e+06	3.33173520e+06
2.88044415e+02	3.89765093e+06	3.22501370e+06
2.94082017e+02	3.98179725e+06	3.12162671e+06
3.00246171e+02	4.06773344e+06	3.02147200e+06
3.06539530e+02	4.15549724e+06	2.92445044e+06
3.12964801e+02	4.24512716e+06	2.83046587e+06
3.19524751e+02	4.33666252e+06	2.73942508e+06
3.26222201e+02	4.43014348e+06	2.65123764e+06
3.33060034e+02	4.52561101e+06	2.56581589e+06
3.40041193e+02	4.62310698e+06	2.48307482e+06
3.47168682e+02	4.72267412e+06	2.40293198e+06
3.54445567e+02	4.82435603e+06	2.32530743e+06
3.61874981e+02	4.92819726e+06	2.25012367e+06
3.69460121e+02	5.03424329e+06	2.17730553e+06
3.77204249e+02	5.14254052e+06	2.10678014e+06
3.85110700e+02	5.25313637e+06	2.03847681e+06
3.93182876e+02	5.36607922e+06	1.97232704e+06
4.01424249e+02	5.48141848e+06	1.90826438e+06
4.09838367e+02	5.59920458e+06	1.84622442e+06
4.18428851e+02	5.71948902e+06	1.78614469e+06
4.27199397e+02	5.84232438e+06	1.72796463e+06
4.36153779e+02	5.96776433e+06	1.67162553e+06
4.45295851e+02	6.09586367e+06	1.61707045e+06
4.54629547e+02	6.22667836e+06	1.56424420e+06
4.64158883e+02	6.36026551e+06	1.51309326e+06
4.73887961e+02	6.49668344e+06	1.46356574e+06
4.83820966e+02	6.63599169e+06	1.41561135e+06
4.93962174e+02	6.77825106e+06	1.36918130e+06
5.04315949e+02	6.92352359e+06	1.32422833e+06
5.14886745e+02	7.07187265e+06	1.28070657e+06
5.25679112e+02	7.22336292e+06	1.23857161e+06
5.36697695e+02	7.37806045e+06	1.19778034e+06
5.47947234e+02	7.53603266e+06	1.15829100e+06
5.59432571e+02	7.69734839e+06	1.12006310e+06
5.71158648e+02	7.86207791e+06	1.08305738e+06
5.83130511e+02	8.03029298e+06	1.04723579e+06
5.95353313e+02	8.20206685e+06	1.01256143e+06
6.07832313e+02	8.37747430e+06	9.78998536e+05
6.20572881e+02	8.55659169e+06	9.46510703e+05
6.33580499e+02	8.73949696e+06	9.15069548e+05
6.46860766e+02	8.92626970e+06	8.84637264e+05
6.60419396e+02	9.11699116e+06	8.55184011e+05
6.74262224e+02	9.31174429e+06	8.26679178e+05
6.88395207e+02	9.51061376e+06	7.99093088e+05
7.02824426e+02	9.71368606e+06	7.72396978e+05
7.17556092e+02	9.92104943e+06	7.46562963e+05
7.32596543e+02	1.01327940e+07	7.21561823e+05
7.47952252e+02	1.03490118e+07	6.97372629e+05
7.63629826e+02	1.05697967e+07	6.73966434e+05
7.79636013e+02	1.07952446e+07	6.51318924e+05
7.95977700e+02	1.10254535e+07	6.29406337e+05
8.12661920e+02	1.12605232e+07	6.08205589e+05
8.29695852e+02	1.15005559e+07	5.87694285e+05
8.47086827e+02	1.17456557e+07	5.67850713e+05
8.64842328e+02	1.19959290e+07	5.48653825e+05
8.82969996e+02	1.22514843e+07	5.30083217e+05
9.01477631e+02	1.25124326e+07	5.12119115e+05
9.20373200e+02	1.27788869e+07	4.94742353e+05
9.39664831e+02	1.30509629e+07	4.77934353e+05
9.59360829e+02	1.33287785e+07	4.61677114e+05
9.79469667e+02	1.36124542e+07	4.45953186e+05
1.00000000e+03	1.39021129e+07	4.30745659e+05
1.02096066e+03	1.41978801e+07	4.16038147e+05
1.04236067e+03	1.44998840e+07	4.01814769e+05
1.06420924e+03	1.48082555e+07	3.88060133e+05
1.08651577e+03	1.51231281e+07	3.74759325e+05
1.10928986e+03	1.54446382e+07	3.61898087e+05
1.13254132e+03	1.57729251e+07	3.49462022e+05
1.15628013e+03	1.61081308e+07	3.37437755e+05
1.18051653e+03	1.64504005e+07	3.25812135e+05
1.20526094e+03	1.67998824e+07	3.14572418e+05
1.23052400e+03	1.71567277e+07	3.03706257e+05
1.25631660e+03	1.75210908e+07	2.93201685e+05
1.28264983e+03	1.78931294e+07	2.83047111e+05
1.30953502e+03	1.82730045e+07	2.73231300e+05
1.33698374e+03	1.86608803e+07	2.63743370e+05
1.36500781e+03	1.90569247e+07	2.54572774e+05
1.39361927e+03	1.94613088e+07	2.45709297e+05
1.42283046e+03	1.98742077e+07	2.37143039e+05
1.45265393e+03	2.02957997e+07	2.28864412e+05
1.48310251e+03	2.07262672e+07	2.20864123e+05
1.51418933e+03	2.11657962e+07	2.13133165e+05
1.54592774e+03	2.16145767e+07	2.05662833e+05
1.57833141e+03	2.20728026e+07	1.98444673e+05
1.61141428e+03	2.25406720e+07	1.91470502e+05
1.64519059e+03	2.30183869e+07	1.84732393e+05
1.67967487e+03	2.35061538e+07	1.78222669e+05
1.71488197e+03	2.40041834e+07	1.71933892e+05
1.75082703e+03	2.45126907e+07	1.65858857e+05
1.78752553e+03	2.50318954e+07	1.59990588e+05
1.82499324e+03	2.55620218e+07	1.54322326e+05
1.86324631e+03	2.61032986e+07	1.48847525e+05
1.90230119e+03	2.66559597e+07	1.43559845e+05
1.94217468e+03	2.72202435e+07	1.38453146e+05
1.98288395e+03	2.77963937e+07	1.33521482e+05
2.02444651e+03	2.83846590e+07	1.28759096e+05
2.06688025e+03	2.89852933e+07	1.24160410e+05
2.11020343e+03	2.95985557e+07	1.19720024e+05
2.15443469e+03	3.02247110e+07	1.15432710e+05
2.19959307e+03	3.08640292e+07	1.11293404e+05
2.24569800e+03	3.15167862e+07	1.07297204e+05
2.29276931e+03	3.21832637e+07	1.03439363e+05
2.34082728e+03	3.28637491e+07	9.97152853e+04
2.38989257e+03	3.35585360e+07	9.61205210e+04
2.43998630e+03	3.42679241e+07	9.26507627e+04
2.49113003e+03	3.49922192e+07	8.93018402e+04
2.54334576e+03	3.57317338e+07	8.60697164e+04
2.59665597e+03	3.64867868e+07	8.29504835e+04
2.65108360e+03	3.72577037e+07	7.99403587e+04
2.70665207e+03	3.80448169e+07	7.70356806e+04
2.76338529e+03	3.88484658e+07	7.42329054e+04
2.82130768e+03	3.96689969e+07	7.15286030e+04
2.88044415e+03	4.05067638e+07	6.89194539e+04
2.94082017e+03	4.13621278e+07	6.64022454e+04
3.00246171e+03	4.22354575e+07	6.39738688e+04
3.06539530e+03	4.31271293e+07	6.16313154e+04
3.12964801e+03	4.40375275e+07	5.93716743e+04
3.19524751e+03	4.49670446e+07	5.71921286e+04
3.26222201e+03	4.59160810e+07	5.50899537e+04
3.33060034e+03	4.68850457e+07	5.30625115e+04
3.40041193e+03	4.78743563e+07	5.11072518e+04
3.47168682e+03	4.88844390e+07	4.92217067e+04
3.54445567e+03	4.99157291e+07	4.74034889e+04
3.61874981e+03	5.09686708e+07	4.56502892e+04
3.69460121e+03	5.20437179e+07	4.39598739e+04
3.77204249e+03	5.31413334e+07	4.23300829e+04
3.85110700e+03	5.42619902e+07	4.07588265e+04
3.93182876e+03	5.54061711e+07	3.92440843e+04
4.01424249e+03	5.65743688e+07	3.77839020e+04
4.09838367e+03	5.77670867e+07	3.63763902e+04
4.18428851e+03	5.89848384e+07	3.50197216e+04
4.27199397e+03	6.02281484e+07	3.37121297e+04
4.36153779e+03	6.14975523e+07	3.24519063e+04
4.45295851e+03	6.27935966e+07	3.12374003e+04
4.54629547e+03	6.41168397e+07	3.00670153e+04
4.64158883e+03	6.54678513e+07	2.89392082e+04
4.73887961e+03	6.68472133e+07	2.78524873e+04
4.83820966e+03	6.82555197e+07	2.68054111e+04
4.93962174e+03	6.96933768e+07	2.57965861e+04
5.04315949e+03	7.11614039e+07	2.48246657e+04
5.14886745e+03	7.26602330e+07	2.38883486e+04
5.25679112e+03	7.41905096e+07	2.29863773e+04
5.36697695e+03	7.57528925e+07	2.21175273e+04
5.47947234e+03	7.73480545e+07	2.12806423e+04
5.59432571e+03	7.89766823e+07	2.04745798e+04
5.71158648e+03	8.06394772e+07	1.96982440e+04
5.83130511e+03	8.23371550e+07	1.89505765e+04
5.95353313e+03	8.40704466e+07	1.82305548e+04
6.07832313e+03	8.58400983e+07	1.75371913e+04
6.20572881e+03	8.76468718e+07	1.68695323e+04
6.33580499e+03	8.94915451e+07	1.62266565e+04
6.46860766e+03	9.13749123e+07	1.56076746e+04
6.60419396e+03	9.32977840e+07	1.50117274e+04
6.74262224e+03	9.52609882e+07	1.44379857e+04
6.88395207e+03	9.72653698e+07	1.38856485e+04
7.02824426e+03	9.93117917e+07	1.33539428e+04
7.17556092e+03	1.01401135e+08	1.28421223e+04
7.32596543e+03	1.03534299e+08	1.23494665e+04
7.47952252e+03	1.05712201e+08	1.18752800e+04
7.63629826e+03	1.07935780e+08	1.14188915e+04
7.79636013e+03	1.10205992e+08	1.09796533e+04
7.95977700e+03	1.12523815e+08	1.05569402e+04
8.12661920e+03	1.14890246e+08	1.01501490e+04
8.29695852e+03	1.17306304e+08	9.75869745e+03
8.47086827e+03	1.19773028e+08	9.38202396e+03
8.64842328e+03	1.22291481e+08	9.01958662e+03
8.82969996e+03	1.24862746e+08	8.67086266e+03
9.01477631e+03	1.27487931e+08	8.33534775e+03
9.20373200e+03	1.30168164e+08	8.01255543e+03
9.39664831e+03	1.32904600e+08	7.70201717e+03
9.59360829e+03	1.35698417e+08	7.40327915e+03
9.79469667e+03	1.38550816e+08	7.11590552e+03
1.00000000e+04	1.41463025e+08	6.93362056e+03
