# redshift	D_L [Mpc]	Age [yr]
1.00000000e-05	4.32479532e-02	1.37687581e+10
1.02096066e-05	4.41544662e-02	1.37687551e+10
1.04236067e-05	4.50799806e-02	1.37687521e+10
1.06420924e-05	4.60248948e-02	1.37687490e+10
1.08651577e-05	4.69896153e-02	1.37687459e+10
1.10928986e-05	4.79745573e-02	1.37687426e+10
1.13254132e-05	4.89801447e-02	1.37687394e+10
1.15628013e-05	5.00068103e-02	1.37687360e+10
1.18051653e-05	5.10549959e-02	1.37687326e+10
1.20526094e-05	5.21251526e-02	1.37687291e+10
1.23052400e-05	5.32177408e-02	1.37687255e+10
1.25631660e-05	5.43332309e-02	1.37687219e+10
1.28264983e-05	5.54721029e-02	1.37687182e+10
1.30953502e-05	5.66348469e-02	1.37687144e+10
1.33698374e-05	5.78219632e-02	1.37687105e+10
1.36500781e-05	5.90339629e-02	1.37687066e+10
1.39361927e-05	6.02713674e-02	1.37687025e+10
1.42283046e-05	6.15347093e-02	1.37686984e+10
1.45265393e-05	6.28245322e-02	1.37686942e+10
1.48310251e-05	6.41413914e-02	1.37686899e+10
1.51418933e-05	6.54858534e-02	1.37686855e+10
1.54592774e-05	6.68584969e-02	1.37686811e+10
1.57833141e-05	6.82599126e-02	1.37686765e+10
1.61141428e-05	6.96907037e-02	1.37686718e+10
1.64519059e-05	7.11514859e-02	1.37686671e+10
1.67967487e-05	7.26428878e-02	1.37686622e+10
1.71488197e-05	7.41655514e-02	1.37686572e+10
1.75082703e-05	7.57201318e-02	1.37686522e+10
1.78752553e-05	7.73072982e-02	1.37686470e+10
1.82499324e-05	7.89277336e-02	1.37686417e+10
1.86324631e-05	8.05821353e-02	1.37686363e+10
1.90230119e-05	8.22712155e-02	1.37686308e+10
1.94217468e-05	8.39957010e-02	1.37686252e+10
1.98288395e-05	8.57563339e-02	1.37686194e+10
2.02444651e-05	8.75538720e-02	1.37686136e+10
2.06688025e-05	8.93890889e-02	1.37686076e+10
2.11020343e-05	9.12627745e-02	1.37686015e+10
2.15443469e-05	9.31757350e-02	1.37685952e+10
2.19959307e-05	9.51287939e-02	1.37685889e+10
2.24569800e-05	9.71227915e-02	1.37685824e+10
2.29276931e-05	9.91585862e-02	1.37685757e+10
2.34082728e-05	1.01237054e-01	1.37685689e+10
2.38989257e-05	1.03359090e-01	1.37685620e+10
2.43998630e-05	1.05525606e-01	1.37685550e+10
2.49113003e-05	1.07737536e-01	1.37685477e+10
2.54334576e-05	1.09995831e-01	1.37685404e+10
2.59665597e-05	1.12301464e-01	1.37685329e+10
2.65108360e-05	1.14655426e-01	1.37685252e+10
2.70665207e-05	1.17058730e-01	1.37685173e+10
2.76338529e-05	1.19512412e-01	1.37685093e+10
2.82130768e-05	1.22017527e-01	1.37685012e+10
2.88044415e-05	1.24575153e-01	1.37684928e+10
2.94082017e-05	1.27186391e-01	1.37684843e+10
3.00246171e-05	1.29852365e-01	1.37684756e+10
3.06539530e-05	1.32574222e-01	1.37684667e+10
3.12964801e-05	1.35353133e-01	1.37684577e+10
3.19524751e-05	1.38190296e-01	1.37684484e+10
3.26222201e-05	1.41086930e-01	1.37684390e+10
3.33060034e-05	1.44044283e-01	1.37684293e+10
3.40041193e-05	1.47063627e-01	1.37684195e+10
3.47168682e-05	1.50146262e-01	1.37684094e+10
3.54445567e-05	1.53293515e-01	1.37683992e+10
3.61874981e-05	1.56506740e-01	1.37683887e+10
3.69460121e-05	1.59787320e-01	1.37683780e+10
3.77204249e-05	1.63136667e-01	1.37683671e+10
3.85110700e-05	1.66556223e-01	1.37683559e+10
3.93182876e-05	1.70047460e-01	1.37683445e+10
4.01424249e-05	1.73611879e-01	1.37683329e+10
4.09838367e-05	1.77251016e-01	1.37683210e+10
4.18428851e-05	1.80966437e-01	1.37683089e+10
4.27199397e-05	1.84759741e-01	1.37682965e+10
4.36153779e-05	1.88632560e-01	1.37682839e+10
4.45295851e-05	1.92586561e-01	1.37682710e+10
4.54629547e-05	1.96623447e-01	1.37682579e+10
4.64158883e-05	2.00744955e-01	1.37682444e+10
4.73887961e-05	2.04952859e-01	1.37682307e+10
4.83820966e-05	2.09248970e-01	1.37682167e+10
4.93962174e-05	2.13635137e-01	1.37682024e+10
5.04315949e-05	2.18113248e-01	1.37681878e+10
5.14886745e-05	2.22685231e-01	1.37681729e+10
5.25679112e-05	2.27353053e-01	1.37681576e+10
5.36697695e-05	2.32118725e-01	1.37681421e+10
5.47947234e-05	2.36984296e-01	1.37681262e+10
5.59432571e-05	2.41951862e-01	1.37681100e+10
5.71158648e-05	2.47023561e-01	1.37680935e+10
5.83130511e-05	2.52201575e-01	1.37680766e+10
5.95353313e-05	2.57488134e-01	1.37680594e+10
6.07832313e-05	2.62885514e-01	1.37680418e+10
6.20572881e-05	2.68396037e-01	1.37680238e+10
6.33580499e-05	2.74022075e-01	1.37680055e+10
6.46860766e-05	2.79766051e-01	1.37679867e+10
6.60419396e-05	2.85630437e-01	1.37679676e+10
6.74262224e-05	2.91617757e-01	1.37679481e+10
6.88395207e-05	2.97730588e-01	1.37679281e+10
7.02824426e-05	3.03971563e-01	1.37679078e+10
7.17556092e-05	3.10343367e-01	1.37678870e+10
7.32596543e-05	3.16848744e-01	1.37678658e+10
7.47952252e-05	3.23490493e-01	1.37678442e+10
7.63629826e-05	3.30271474e-01	1.37678220e+10
7.79636013e-05	3.37194607e-01	1.37677995e+10
7.95977700e-05	3.44262871e-01	1.37677764e+10
8.12661920e-05	3.51479309e-01	1.37677529e+10
8.29695852e-05	3.58847028e-01	1.37677289e+10
8.47086827e-05	3.66369199e-01	1.37677043e+10
8.64842328e-05	3.74049062e-01	1.37676793e+10
8.82969996e-05	3.81889921e-01	1.37676537e+10
9.01477631e-05	3.89895153e-01	1.37676276e+10
9.20373200e-05	3.98068204e-01	1.37676010e+10
9.39664831e-05	4.06412593e-01	1.37675738e+10
9.59360829e-05	4.14931912e-01	1.37675460e+10
9.79469667e-05	4.23629828e-01	1.37675176e+10
1.00000000e-04	4.32510087e-01	1.37674887e+10
1.02096066e-04	4.41576511e-01	1.37674591e+10
1.04236067e-04	4.50833004e-01	1.37674289e+10
1.06420924e-04	4.60283552e-01	1.37673981e+10
1.08651577e-04	4.69932223e-01	1.37673667e+10
1.10928986e-04	4.79783171e-01	1.37673345e+10
1.13254132e-04	4.89840638e-01	1.37673017e+10
1.15628013e-04	5.00108954e-01	1.37672683e+10
1.18051653e-04	5.10592541e-01	1.37672341e+10
1.20526094e-04	5.21295911e-01	1.37671992e+10
1.23052400e-04	5.32223674e-01	1.37671636e+10
1.25631660e-04	5.43380534e-01	1.37671272e+10
1.28264983e-04	5.54771297e-01	1.37670900e+10
1.30953502e-04	5.66400866e-01	1.37670521e+10
1.33698374e-04	5.78274249e-01	1.37670134e+10
1.36500781e-04	5.90396559e-01	1.37669739e+10
1.39361927e-04	6.02773016e-01	1.37669335e+10
1.42283046e-04	6.15408948e-01	1.37668923e+10
1.45265393e-04	6.28309798e-01	1.37668503e+10
1.48310251e-04	6.41481120e-01	1.37668074e+10
1.51418933e-04	6.54928588e-01	1.37667635e+10
1.54592774e-04	6.68657990e-01	1.37667188e+10
1.57833141e-04	6.82675241e-01	1.37666731e+10
1.61141428e-04	6.96986376e-01	1.37666264e+10
1.64519059e-04	7.11597558e-01	1.37665788e+10
1.67967487e-04	7.26515081e-01	1.37665301e+10
1.71488197e-04	7.41745367e-01	1.37664805e+10
1.75082703e-04	7.57294978e-01	1.37664298e+10
1.78752553e-04	7.73170609e-01	1.37663780e+10
1.82499324e-04	7.89379098e-01	1.37663252e+10
1.86324631e-04	8.05927427e-01	1.37662713e+10
1.90230119e-04	8.22822721e-01	1.37662162e+10
1.94217468e-04	8.40072259e-01	1.37661600e+10
1.98288395e-04	8.57683471e-01	1.37661026e+10
2.02444651e-04	8.75663940e-01	1.37660440e+10
2.06688025e-04	8.94021414e-01	1.37659841e+10
2.11020343e-04	9.12763798e-01	1.37659230e+10
2.15443469e-04	9.31899167e-01	1.37658607e+10
2.19959307e-04	9.51435762e-01	1.37657970e+10
2.24569800e-04	9.71382001e-01	1.37657320e+10
2.29276931e-04	9.91746474e-01	1.37656656e+10
2.34082728e-04	1.01253796e+00	1.37655978e+10
2.38989257e-04	1.03376540e+00	1.37655286e+10
2.43998630e-04	1.05543796e+00	1.37654580e+10
2.49113003e-04	1.07756496e+00	1.37653859e+10
2.54334576e-04	1.10015595e+00	1.37653123e+10
2.59665597e-04	1.12322064e+00	1.37652371e+10
2.65108360e-04	1.14676899e+00	1.37651603e+10
2.70665207e-04	1.17081113e+00	1.37650820e+10
2.76338529e-04	1.19535743e+00	1.37650020e+10
2.82130768e-04	1.22041846e+00	1.37649203e+10
2.88044415e-04	1.24600502e+00	1.37648369e+10
2.94082017e-04	1.27212814e+00	1.37647518e+10
3.00246171e-04	1.29879907e+00	1.37646649e+10
3.06539530e-04	1.32602931e+00	1.37645762e+10
3.12964801e-04	1.35383059e+00	1.37644856e+10
3.19524751e-04	1.38221489e+00	1.37643931e+10
3.26222201e-04	1.41119444e+00	1.37642987e+10
3.33060034e-04	1.44078174e+00	1.37642023e+10
3.40041193e-04	1.47098954e+00	1.37641038e+10
3.47168682e-04	1.50183085e+00	1.37640033e+10
3.54445567e-04	1.53331898e+00	1.37639008e+10
3.61874981e-04	1.56546748e+00	1.37637960e+10
3.69460121e-04	1.59829023e+00	1.37636891e+10
3.77204249e-04	1.63180137e+00	1.37635799e+10
3.85110700e-04	1.66601534e+00	1.37634684e+10
3.93182876e-04	1.70094690e+00	1.37633546e+10
4.01424249e-04	1.73661110e+00	1.37632385e+10
4.09838367e-04	1.77302332e+00	1.37631198e+10
4.18428851e-04	1.81019927e+00	1.37629987e+10
4.27199397e-04	1.84815496e+00	1.37628751e+10
4.36153779e-04	1.88690677e+00	1.37627489e+10
4.45295851e-04	1.92647140e+00	1.37626200e+10
4.54629547e-04	1.96686592e+00	1.37624884e+10
4.64158883e-04	2.00810774e+00	1.37623541e+10
4.73887961e-04	2.05021466e+00	1.37622170e+10
4.83820966e-04	2.09320483e+00	1.37620769e+10
4.93962174e-04	2.13709679e+00	1.37619340e+10
5.04315949e-04	2.18190948e+00	1.37617881e+10
5.14886745e-04	2.22766222e+00	1.37616391e+10
5.25679112e-04	2.27437475e+00	1.37614869e+10
5.36697695e-04	2.32206722e+00	1.37613316e+10
5.47947234e-04	2.37076021e+00	1.37611731e+10
5.59432571e-04	2.42047472e+00	1.37610112e+10
5.71158648e-04	2.47123220e+00	1.37608459e+10
5.83130511e-04	2.52305455e+00	1.37606772e+10
5.95353313e-04	2.57596414e+00	1.37605049e+10
6.07832313e-04	2.62998380e+00	1.37603291e+10
6.20572881e-04	2.68513684e+00	1.37601495e+10
6.33580499e-04	2.74144705e+00	1.37599662e+10
6.46860766e-04	2.79893875e+00	1.37597791e+10
6.60419396e-04	2.85763675e+00	1.37595880e+10
6.74262224e-04	2.91756638e+00	1.37593929e+10
6.88395207e-04	2.97875352e+00	1.37591937e+10
7.02824426e-04	3.04122458e+00	1.37589904e+10
7.17556092e-04	3.10500653e+00	1.37587828e+10
7.32596543e-04	3.17012692e+00	1.37585709e+10
7.47952252e-04	3.23661385e+00	1.37583545e+10
7.63629826e-04	3.30449605e+00	1.37581336e+10
7.79636013e-04	3.37380282e+00	1.37579081e+10
7.95977700e-04	3.44456410e+00	1.37576779e+10
8.12661920e-04	3.51681045e+00	1.37574428e+10
8.29695852e-04	3.59057308e+00	1.37572028e+10
8.47086827e-04	3.66588386e+00	1.37569578e+10
8.64842328e-04	3.74277532e+00	1.37567076e+10
8.82969996e-04	3.82128068e+00	1.37564523e+10
9.01477631e-04	3.90143386e+00	1.37561915e+10
9.20373200e-04	3.98326951e+00	1.37559253e+10
9.39664831e-04	4.06682298e+00	1.37556536e+10
9.59360829e-04	4.15213040e+00	1.37553761e+10
9.79469667e-04	4.23922862e+00	1.37550929e+10
1.00000000e-03	4.32815532e+00	1.37548037e+10
1.02096066e-03	4.41894893e+00	1.37545085e+10
1.04236067e-03	4.51164870e+00	1.37542071e+10
1.06420924e-03	4.60629473e+00	1.37538993e+10
1.08651577e-03	4.70292795e+00	1.37535852e+10
1.10928986e-03	4.80159014e+00	1.37532644e+10
1.13254132e-03	4.90232398e+00	1.37529370e+10
1.15628013e-03	5.00517306e+00	1.37526027e+10
1.18051653e-03	5.11018186e+00	1.37522614e+10
1.20526094e-03	5.21739583e+00	1.37519130e+10
1.23052400e-03	5.32686136e+00	1.37515572e+10
1.25631660e-03	5.43862582e+00	1.37511941e+10
1.28264983e-03	5.55273760e+00	1.37508233e+10
1.30953502e-03	5.66924608e+00	1.37504448e+10
1.33698374e-03	5.78820172e+00	1.37500583e+10
1.36500781e-03	5.90965602e+00	1.37496638e+10
1.39361927e-03	6.03366157e+00	1.37492610e+10
1.42283046e-03	6.16027208e+00	1.37488498e+10
1.45265393e-03	6.28954241e+00	1.37484300e+10
1.48310251e-03	6.42152855e+00	1.37480014e+10
1.51418933e-03	6.55628769e+00	1.37475638e+10
1.54592774e-03	6.69387823e+00	1.37471171e+10
1.57833141e-03	6.83435981e+00	1.37466611e+10
1.61141428e-03	6.97779331e+00	1.37461955e+10
1.64519059e-03	7.12424094e+00	1.37457202e+10
1.67967487e-03	7.27376618e+00	1.37452349e+10
1.71488197e-03	7.42643388e+00	1.37447395e+10
1.75082703e-03	7.58231027e+00	1.37442337e+10
1.78752553e-03	7.74146296e+00	1.37437174e+10
1.82499324e-03	7.90396102e+00	1.37431903e+10
1.86324631e-03	8.06987496e+00	1.37426521e+10
1.90230119e-03	8.23927680e+00	1.37421027e+10
1.94217468e-03	8.41224008e+00	1.37415418e+10
1.98288395e-03	8.58883990e+00	1.37409692e+10
2.02444651e-03	8.76915295e+00	1.37403846e+10
2.06688025e-03	8.95325756e+00	1.37397878e+10
2.11020343e-03	9.14123371e+00	1.37391785e+10
2.15443469e-03	9.33316309e+00	1.37385565e+10
2.19959307e-03	9.52912910e+00	1.37379215e+10
2.24569800e-03	9.72921695e+00	1.37372732e+10
2.29276931e-03	9.93351363e+00	1.37366114e+10
2.34082728e-03	1.01421080e+01	1.37359358e+10
2.38989257e-03	1.03550908e+01	1.37352460e+10
2.43998630e-03	1.05725546e+01	1.37345419e+10
2.49113003e-03	1.07945942e+01	1.37338230e+10
2.54334576e-03	1.10213062e+01	1.37330891e+10
2.59665597e-03	1.12527892e+01	1.37323399e+10
2.65108360e-03	1.14891441e+01	1.37315751e+10
2.70665207e-03	1.17304739e+01	1.37307942e+10
2.76338529e-03	1.19768837e+01	1.37299971e+10
2.82130768e-03	1.22284809e+01	1.37291833e+10
2.88044415e-03	1.24853751e+01	1.37283526e+10
2.94082017e-03	1.27476785e+01	1.37275045e+10
3.00246171e-03	1.30155054e+01	1.37266387e+10
3.06539530e-03	1.32889726e+01	1.37257548e+10
3.12964801e-03	1.35681996e+01	1.37248525e+10
3.19524751e-03	1.38533081e+01	1.37239314e+10
3.26222201e-03	1.41444228e+01	1.37229910e+10
3.33060034e-03	1.44416707e+01	1.37220310e+10
3.40041193e-03	1.47451818e+01	1.37210510e+10
3.47168682e-03	1.50550888e+01	1.37200506e+10
3.54445567e-03	1.53715270e+01	1.37190293e+10
3.61874981e-03	1.56946350e+01	1.37179867e+10
3.69460121e-03	1.60245540e+01	1.37169223e+10
3.77204249e-03	1.63614285e+01	1.37158358e+10
3.85110700e-03	1.67054060e+01	1.37147266e+10
3.93182876e-03	1.70566370e+01	1.37135943e+10
4.01424249e-03	1.74152756e+01	1.37124384e+10
4.09838367e-03	1.77814789e+01	1.37112584e+10
4.18428851e-03	1.81554074e+01	1.37100538e+10
4.27199397e-03	1.85372252e+01	1.37088242e+10
4.36153779e-03	1.89270998e+01	1.37075689e+10
4.45295851e-03	1.93252023e+01	1.37062874e+10
4.54629547e-03	1.97317077e+01	1.37049793e+10
4.64158883e-03	2.01467944e+01	1.37036439e+10
4.73887961e-03	2.05706448e+01	1.37022808e+10
4.83820966e-03	2.10034455e+01	1.37008892e+10
4.93962174e-03	2.14453867e+01	1.36994687e+10
5.04315949e-03	2.18966630e+01	1.36980186e+10
5.14886745e-03	2.23574731e+01	1.36965384e+10
5.25679112e-03	2.28280199e+01	1.36950273e+10
5.36697695e-03	2.33085108e+01	1.36934849e+10
5.47947234e-03	2.37991578e+01	1.36919103e+10
5.59432571e-03	2.43001771e+01	1.36903030e+10
5.71158648e-03	2.48117901e+01	1.36886623e+10
5.83130511e-03	2.53342225e+01	1.36869875e+10
5.95353313e-03	2.58677053e+01	1.36852778e+10
6.07832313e-03	2.64124743e+01	1.36835327e+10
6.20572881e-03	2.69687704e+01	1.36817513e+10
6.33580499e-03	2.75368399e+01	1.36799328e+10
6.46860766e-03	2.81169342e+01	1.36780766e+10
6.60419396e-03	2.87093104e+01	1.36761819e+10
6.74262224e-03	2.93142311e+01	1.36742478e+10
6.88395207e-03	2.99319647e+01	1.36722736e+10
7.02824426e-03	3.05627853e+01	1.36702584e+10
7.17556092e-03	3.12069732e+01	1.36682014e+10
7.32596543e-03	3.18648145e+01	1.36661017e+10
7.47952252e-03	3.25366020e+01	1.36639585e+10
7.63629826e-03	3.32226345e+01	1.36617708e+10
7.79636013e-03	3.39232175e+01	1.36595378e+10
7.95977700e-03	3.46386633e+01	1.36572585e+10
8.12661920e-03	3.53692908e+01	1.36549320e+10
8.29695852e-03	3.61154262e+01	1.36525573e+10
8.47086827e-03	3.68774026e+01	1.36501334e+10
8.64842328e-03	3.76555606e+01	1.36476593e+10
8.82969996e-03	3.84502482e+01	1.36451341e+10
9.01477631e-03	3.92618211e+01	1.36425565e+10
9.20373200e-03	4.00906428e+01	1.36399256e+10
9.39664831e-03	4.09370850e+01	1.36372403e+10
9.59360829e-03	4.18015274e+01	1.36344995e+10
9.79469667e-03	4.26843582e+01	1.36317021e+10
1.00000000e-02	4.35859742e+01	1.36288468e+10
1.02096066e-02	4.45067808e+01	1.36259325e+10
1.04236067e-02	4.54471928e+01	1.36229581e+10
1.06420924e-02	4.64076339e+01	1.36199222e+10
1.08651577e-02	4.73885372e+01	1.36168237e+10
1.10928986e-02	4.83903456e+01	1.36136612e+10
1.13254132e-02	4.94135118e+01	1.36104335e+10
1.15628013e-02	5.04584987e+01	1.36071393e+10
1.18051653e-02	5.15257792e+01	1.36037772e+10
1.20526094e-02	5.26158373e+01	1.36003458e+10
1.23052400e-02	5.37291673e+01	1.35968437e+10
1.25631660e-02	5.48662750e+01	1.35932695e+10
1.28264983e-02	5.60276773e+01	1.35896217e+10
1.30953502e-02	5.72139027e+01	1.35858989e+10
1.33698374e-02	5.84254919e+01	1.35820995e+10
1.36500781e-02	5.96629974e+01	1.35782221e+10
1.39361927e-02	6.09269843e+01	1.35742649e+10
1.42283046e-02	6.22180306e+01	1.35702265e+10
1.45265393e-02	6.35367272e+01	1.35661051e+10
1.48310251e-02	6.48836784e+01	1.35618992e+10
1.51418933e-02	6.62595023e+01	1.35576069e+10
1.54592774e-02	6.76648309e+01	1.35532267e+10
1.57833141e-02	6.91003107e+01	1.35487567e+10
1.61141428e-02	7.05666029e+01	1.35441951e+10
1.64519059e-02	7.20643837e+01	1.35395402e+10
1.67967487e-02	7.35943448e+01	1.35347899e+10
1.71488197e-02	7.51571937e+01	1.35299425e+10
1.75082703e-02	7.67536541e+01	1.35249960e+10
1.78752553e-02	7.83844664e+01	1.35199484e+10
1.82499324e-02	8.00503879e+01	1.35147978e+10
1.86324631e-02	8.17521935e+01	1.35095419e+10
1.90230119e-02	8.34906757e+01	1.35041789e+10
1.94217468e-02	8.52666454e+01	1.34987066e+10
1.98288395e-02	8.70809325e+01	1.34931227e+10
2.02444651e-02	8.89343857e+01	1.34874251e+10
2.06688025e-02	9.08278738e+01	1.34816115e+10
2.11020343e-02	9.27622856e+01	1.34756798e+10
2.15443469e-02	9.47385305e+01	1.34696274e+10
2.19959307e-02	9.67575393e+01	1.34634521e+10
2.24569800e-02	9.88202646e+01	1.34571514e+10
2.29276931e-02	1.00927681e+02	1.34507229e+10
2.34082728e-02	1.03080786e+02	1.34441641e+10
2.38989257e-02	1.05280602e+02	1.34374725e+10
2.43998630e-02	1.07528172e+02	1.34306454e+10
2.49113003e-02	1.09824567e+02	1.34236801e+10
2.54334576e-02	1.12170882e+02	1.34165741e+10
2.59665597e-02	1.14568238e+02	1.34093246e+10
2.65108360e-02	1.17017783e+02	1.34019287e+10
2.70665207e-02	1.19520691e+02	1.33943838e+10
2.76338529e-02	1.22078166e+02	1.33866868e+10
2.82130768e-02	1.24691438e+02	1.33788348e+10
2.88044415e-02	1.27361769e+02	1.33708249e+10
2.94082017e-02	1.30090450e+02	1.33626540e+10
3.00246171e-02	1.32878803e+02	1.33543191e+10
3.06539530e-02	1.35728183e+02	1.33458169e+10
3.12964801e-02	1.38639976e+02	1.33371444e+10
3.19524751e-02	1.41615602e+02	1.33282981e+10
3.26222201e-02	1.44656516e+02	1.33192750e+10
3.33060034e-02	1.47764208e+02	1.33100715e+10
3.40041193e-02	1.50940204e+02	1.33006843e+10
3.47168682e-02	1.54186067e+02	1.32911098e+10
3.54445567e-02	1.57503398e+02	1.32813446e+10
3.61874981e-02	1.60893839e+02	1.32713851e+10
3.69460121e-02	1.64359071e+02	1.32612276e+10
3.77204249e-02	1.67900816e+02	1.32508684e+10
3.85110700e-02	1.71520838e+02	1.32403037e+10
3.93182876e-02	1.75220946e+02	1.32295298e+10
4.01424249e-02	1.79002994e+02	1.32185427e+10
4.09838367e-02	1.82868880e+02	1.32073384e+10
4.18428851e-02	1.86820551e+02	1.31959130e+10
4.27199397e-02	1.90860001e+02	1.31842624e+10
4.36153779e-02	1.94989276e+02	1.31723824e+10
4.45295851e-02	1.99210472e+02	1.31602689e+10
4.54629547e-02	2.03525738e+02	1.31479175e+10
4.64158883e-02	2.07937276e+02	1.31353240e+10
4.73887961e-02	2.12447344e+02	1.31224839e+10
4.83820966e-02	2.17058258e+02	1.31093929e+10
4.93962174e-02	2.21772393e+02	1.30960462e+10
5.04315949e-02	2.26592184e+02	1.30824395e+10
5.14886745e-02	2.31520125e+02	1.30685679e+10
5.25679112e-02	2.36558779e+02	1.30544268e+10
5.36697695e-02	2.41710772e+02	1.30400115e+10
5.47947234e-02	2.46978795e+02	1.30253169e+10
5.59432571e-02	2.52365614e+02	1.30103383e+10
5.71158648e-02	2.57874060e+02	1.29950706e+10
5.83130511e-02	2.63507042e+02	1.29795087e+10
5.95353313e-02	2.69267542e+02	1.29636476e+10
6.07832313e-02	2.75158621e+02	1.29474821e+10
6.20572881e-02	2.81183418e+02	1.29310068e+10
6.33580499e-02	2.87345155e+02	1.29142165e+10
6.46860766e-02	2.93647139e+02	1.28971058e+10
6.60419396e-02	3.00092762e+02	1.28796692e+10
6.74262224e-02	3.06685507e+02	1.28619012e+10
6.88395207e-02	3.13428949e+02	1.28437963e+10
7.02824426e-02	3.20326754e+02	1.28253486e+10
7.17556092e-02	3.27382691e+02	1.28065527e+10
7.32596543e-02	3.34600624e+02	1.27874026e+10
7.47952252e-02	3.41984522e+02	1.27678925e+10
7.63629826e-02	3.49538461e+02	1.27480165e+10
7.79636013e-02	3.57266624e+02	1.27277687e+10
7.95977700e-02	3.65173307e+02	1.27071430e+10
8.12661920e-02	3.73262923e+02	1.26861334e+10
8.29695852e-02	3.81540001e+02	1.26647337e+10
8.47086827e-02	3.90009194e+02	1.26429377e+10
8.64842328e-02	3.98675282e+02	1.26207392e+10
8.82969996e-02	4.07543173e+02	1.25981318e+10
9.01477631e-02	4.16617909e+02	1.25751092e+10
9.20373200e-02	4.25904669e+02	1.25516649e+10
9.39664831e-02	4.35408776e+02	1.25277926e+10
9.59360829e-02	4.45135695e+02	1.25034858e+10
9.79469667e-02	4.55091043e+02	1.24787378e+10
1.00000000e-01	4.65280591e+02	1.24535420e+10
1.02096066e-01	4.75710271e+02	1.24278919e+10
1.04236067e-01	4.86386175e+02	1.24017808e+10
1.06420924e-01	4.97314566e+02	1.23752020e+10
1.08651577e-01	5.08501881e+02	1.23481486e+10
1.10928986e-01	5.19954735e+02	1.23206141e+10
1.13254132e-01	5.31679926e+02	1.22925915e+10
1.15628013e-01	5.43684444e+02	1.22640741e+10
1.18051653e-01	5.55975472e+02	1.22350550e+10
1.20526094e-01	5.68560396e+02	1.22055274e+10
1.23052400e-01	5.81446807e+02	1.21754844e+10
1.25631660e-01	5.94642512e+02	1.21449192e+10
1.28264983e-01	6.08155534e+02	1.21138248e+10
1.30953502e-01	6.21994125e+02	1.20821944e+10
1.33698374e-01	6.36166769e+02	1.20500211e+10
1.36500781e-01	6.50682189e+02	1.20172981e+10
1.39361927e-01	6.65549356e+02	1.19840186e+10
1.42283046e-01	6.80777494e+02	1.19501756e+10
1.45265393e-01	6.96376091e+02	1.19157624e+10
1.48310251e-01	7.12354902e+02	1.18807722e+10
1.51418933e-01	7.28723961e+02	1.18451984e+10
1.54592774e-01	7.45493588e+02	1.18090341e+10
1.57833141e-01	7.62674396e+02	1.17722728e+10
1.61141428e-01	7.80277302e+02	1.17349079e+10
1.64519059e-01	7.98313535e+02	1.16969328e+10
1.67967487e-01	8.16794645e+02	1.16583412e+10
1.71488197e-01	8.35732512e+02	1.16191265e+10
1.75082703e-01	8.55139356e+02	1.15792826e+10
1.78752553e-01	8.75027748e+02	1.15388032e+10
1.82499324e-01	8.95410620e+02	1.14976822e+10
1.86324631e-01	9.16301273e+02	1.14559137e+10
1.90230119e-01	9.37713391e+02	1.14134917e+10
1.94217468e-01	9.59661051e+02	1.13704105e+10
1.98288395e-01	9.82158734e+02	1.13266645e+10
2.02444651e-01	1.00522134e+03	1.12822482e+10
2.06688025e-01	1.02886418e+03	1.12371562e+10
2.11020343e-01	1.05310304e+03	1.11913835e+10
2.15443469e-01	1.07795412e+03	1.11449250e+10
2.19959307e-01	1.10343411e+03	1.10977759e+10
2.24569800e-01	1.12956017e+03	1.10499316e+10
2.29276931e-01	1.15634996e+03	1.10013878e+10
2.34082728e-01	1.18382162e+03	1.09521401e+10
2.38989257e-01	1.21199386e+03	1.09021846e+10
2.43998630e-01	1.24088587e+03	1.08515176e+10
2.49113003e-01	1.27051743e+03	1.08001357e+10
2.54334576e-01	1.30090886e+03	1.07480355e+10
2.59665597e-01	1.33208108e+03	1.06952142e+10
2.65108360e-01	1.36405558e+03	1.06416690e+10
2.70665207e-01	1.39685449e+03	1.05873976e+10
2.76338529e-01	1.43050056e+03	1.05323979e+10
2.82130768e-01	1.46501718e+03	1.04766682e+10
2.88044415e-01	1.50042840e+03	1.04202071e+10
2.94082017e-01	1.53675896e+03	1.03630135e+10
3.00246171e-01	1.57403429e+03	1.03050868e+10
3.06539530e-01	1.61228056e+03	1.02464265e+10
3.12964801e-01	1.65152464e+03	1.01870327e+10
3.19524751e-01	1.69179418e+03	1.01269059e+10
3.26222201e-01	1.73311760e+03	1.00660469e+10
3.33060034e-01	1.77552410e+03	1.00044571e+10
3.40041193e-01	1.81904370e+03	9.94213810e+09
3.47168682e-01	1.86370727e+03	9.87909213e+09
3.54445567e-01	1.90954651e+03	9.81532181e+09
3.61874981e-01	1.95659401e+03	9.75083023e+09
3.69460121e-01	2.00488325e+03	9.68562099e+09
3.77204249e-01	2.05444865e+03	9.61969817e+09
3.85110700e-01	2.10532552e+03	9.55306637e+09
3.93182876e-01	2.15755020e+03	9.48573069e+09
4.01424249e-01	2.21115995e+03	9.41769678e+09
4.09838367e-01	2.26619309e+03	9.34897083e+09
4.18428851e-01	2.32268894e+03	9.27955957e+09
4.27199397e-01	2.38068790e+03	9.20947029e+09
4.36153779e-01	2.44023142e+03	9.13871088e+09
4.45295851e-01	2.50136208e+03	9.06728975e+09
4.54629547e-01	2.56412357e+03	8.99521596e+09
4.64158883e-01	2.62856074e+03	8.92249911e+09
4.73887961e-01	2.69471962e+03	8.84914943e+09
4.83820966e-01	2.76264745e+03	8.77517775e+09
4.93962174e-01	2.83239267e+03	8.70059549e+09
5.04315949e-01	2.90400501e+03	8.62541470e+09
5.14886745e-01	2.97753546e+03	8.54964806e+09
5.25679112e-01	3.05303632e+03	8.47330883e+09
5.36697695e-01	3.13056123e+03	8.39641091e+09
5.47947234e-01	3.21016519e+03	8.31896883e+09
5.59432571e-01	3.29190459e+03	8.24099772e+09
5.71158648e-01	3.37583722e+03	8.16251333e+09
5.83130511e-01	3.46202234e+03	8.08353202e+09
5.95353313e-01	3.55052067e+03	8.00407075e+09
6.07832313e-01	3.64139443e+03	7.92414710e+09
6.20572881e-01	3.73470738e+03	7.84377923e+09
6.33580499e-01	3.83052482e+03	7.76298587e+09
6.46860766e-01	3.92891367e+03	7.68178635e+09
6.60419396e-01	4.02994244e+03	7.60020055e+09
6.74262224e-01	4.13368131e+03	7.51824889e+09
6.88395207e-01	4.24020214e+03	7.43595235e+09
7.02824426e-01	4.34957849e+03	7.35333241e+09
7.17556092e-01	4.46188567e+03	7.27041105e+09
7.32596543e-01	4.57720079e+03	7.18721076e+09
7.47952252e-01	4.69560273e+03	7.10375446e+09
7.63629826e-01	4.81717224e+03	7.02006553e+09
7.79636013e-01	4.94199196e+03	6.93616777e+09
7.95977700e-01	5.07014640e+03	6.85208539e+09
8.12661920e-01	5.20172207e+03	6.76784294e+09
8.29695852e-01	5.33680743e+03	6.68346533e+09
8.47086827e-01	5.47549297e+03	6.59897780e+09
8.64842328e-01	5.61787125e+03	6.51440586e+09
8.82969996e-01	5.76403691e+03	6.42977529e+09
9.01477631e-01	5.91408676e+03	6.34511209e+09
9.20373200e-01	6.06811975e+03	6.26044244e+09
9.39664831e-01	6.22623708e+03	6.17579272e+09
9.59360829e-01	6.38854221e+03	6.09118942e+09
9.79469667e-01	6.55514089e+03	6.00665910e+09
1.00000000e+00	6.72614124e+03	5.92222843e+09
1.02096066e+00	6.90165378e+03	5.83792406e+09
1.04236067e+00	7.08179146e+03	5.75377265e+09
1.06420924e+00	7.26666974e+03	5.66980081e+09
1.08651577e+00	7.45640663e+03	5.58603507e+09
1.10928986e+00	7.65112271e+03	5.50250183e+09
1.13254132e+00	7.85094126e+03	5.41922734e+09
1.15628013e+00	8.05598821e+03	5.33623767e+09
1.18051653e+00	8.26639230e+03	5.25355865e+09
1.20526094e+00	8.48228505e+03	5.17121584e+09
1.23052400e+00	8.70380090e+03	5.08923452e+09
1.25631660e+00	8.93107720e+03	5.00763962e+09
1.28264983e+00	9.16425432e+03	4.92645573e+09
1.30953502e+00	9.40347569e+03	4.84570701e+09
1.33698374e+00	9.64888789e+03	4.76541722e+09
1.36500781e+00	9.90064070e+03	4.68560964e+09
1.39361927e+00	1.01588872e+04	4.60630707e+09
1.42283046e+00	1.04237837e+04	4.52753179e+09
1.45265393e+00	1.06954902e+04	4.44930554e+09
1.48310251e+00	1.09741698e+04	4.37164947e+09
1.51418933e+00	1.12599896e+04	4.29458415e+09
1.54592774e+00	1.15531202e+04	4.21812954e+09
1.57833141e+00	1.18537357e+04	4.14230495e+09
1.61141428e+00	1.21620145e+04	4.06712902e+09
1.64519059e+00	1.24781384e+04	3.99261974e+09
1.67967487e+00	1.28022937e+04	3.91879439e+09
1.71488197e+00	1.31346704e+04	3.84566954e+09
1.75082703e+00	1.34754630e+04	3.77326105e+09
1.78752553e+00	1.38248700e+04	3.70158404e+09
1.82499324e+00	1.41830946e+04	3.63065291e+09
1.86324631e+00	1.45503441e+04	3.56048127e+09
1.90230119e+00	1.49268308e+04	3.49108201e+09
1.94217468e+00	1.53127714e+04	3.42246726e+09
1.98288395e+00	1.57083875e+04	3.35464837e+09
2.02444651e+00	1.61139057e+04	3.28763593e+09
2.06688025e+00	1.65295575e+04	3.22143979e+09
2.11020343e+00	1.69555795e+04	3.15606901e+09
2.15443469e+00	1.73922138e+04	3.09153191e+09
2.19959307e+00	1.78397076e+04	3.02783605e+09
2.24569800e+00	1.82983137e+04	2.96498826e+09
2.29276931e+00	1.87682907e+04	2.90299460e+09
2.34082728e+00	1.92499025e+04	2.84186044e+09
2.38989257e+00	1.97434195e+04	2.78159041e+09
2.43998630e+00	2.02491175e+04	2.72218841e+09
2.49113003e+00	2.07672788e+04	2.66365769e+09
2.54334576e+00	2.12981920e+04	2.60600078e+09
2.59665597e+00	2.18421520e+04	2.54921957e+09
2.65108360e+00	2.23994602e+04	2.49331526e+09
2.70665207e+00	2.29704249e+04	2.43828845e+09
2.76338529e+00	2.35553610e+04	2.38413909e+09
2.82130768e+00	2.41545909e+04	2.33086653e+09
2.88044415e+00	2.47684435e+04	2.27846955e+09
2.94082017e+00	2.53972556e+04	2.22694635e+09
3.00246171e+00	2.60413711e+04	2.17629456e+09
3.06539530e+00	2.67011417e+04	2.12651131e+09
3.12964801e+00	2.73769270e+04	2.07759319e+09
3.19524751e+00	2.80690945e+04	2.02953631e+09
3.26222201e+00	2.87780197e+04	1.98233631e+09
3.33060034e+00	2.95040867e+04	1.93598836e+09
3.40041193e+00	3.02476880e+04	1.89048721e+09
3.47168682e+00	3.10092246e+04	1.84582718e+09
3.54445567e+00	3.17891067e+04	1.80200219e+09
3.61874981e+00	3.25877534e+04	1.75900581e+09
3.69460121e+00	3.34055931e+04	1.71683124e+09
3.77204249e+00	3.42430637e+04	1.67547132e+09
3.85110700e+00	3.51006126e+04	1.63491859e+09
3.93182876e+00	3.59786974e+04	1.59516530e+09
4.01424249e+00	3.68777854e+04	1.55620341e+09
4.09838367e+00	3.77983544e+04	1.51802460e+09
4.18428851e+00	3.87408928e+04	1.48062032e+09
4.27199397e+00	3.97058996e+04	1.44398180e+09
4.36153779e+00	4.06938847e+04	1.40810004e+09
4.45295851e+00	4.17053695e+04	1.37296586e+09
4.54629547e+00	4.27408864e+04	1.33856989e+09
4.64158883e+00	4.38009799e+04	1.30490260e+09
4.73887961e+00	4.48862062e+04	1.27195433e+09
4.83820966e+00	4.59971338e+04	1.23971527e+09
4.93962174e+00	4.71343433e+04	1.20817550e+09
5.04315949e+00	4.82984285e+04	1.17732500e+09
5.14886745e+00	4.94899959e+04	1.14715365e+09
5.25679112e+00	5.07096652e+04	1.11765128e+09
5.36697695e+00	5.19580697e+04	1.08880762e+09
5.47947234e+00	5.32358564e+04	1.06061238e+09
5.59432571e+00	5.45436866e+04	1.03305521e+09
5.71158648e+00	5.58822359e+04	1.00612575e+09
5.83130511e+00	5.72521944e+04	9.79813609e+08
5.95353313e+00	5.86542675e+04	9.54108400e+08
6.07832313e+00	6.00891758e+04	9.28999733e+08
6.20572881e+00	6.15576554e+04	9.04477232e+08
6.33580499e+00	6.30604587e+04	8.80530544e+08
6.46860766e+00	6.45983541e+04	8.57149346e+08
6.60419396e+00	6.61721267e+04	8.34323352e+08
6.74262224e+00	6.77825789e+04	8.12042324e+08
6.88395207e+00	6.94305300e+04	7.90296077e+08
7.02824426e+00	7.11168174e+04	7.69074488e+08
7.17556092e+00	7.28422964e+04	7.48367497e+08
7.32596543e+00	7.46078409e+04	7.28165122e+08
7.47952252e+00	7.64143436e+04	7.08457455e+08
7.63629826e+00	7.82627165e+04	6.89234675e+08
7.79636013e+00	8.01538912e+04	6.70487049e+08
7.95977700e+00	8.20888195e+04	6.52204939e+08
8.12661920e+00	8.40684736e+04	6.34378803e+08
8.29695852e+00	8.60938469e+04	6.16999202e+08
8.47086827e+00	8.81659537e+04	6.00056803e+08
8.64842328e+00	9.02858307e+04	5.83542382e+08
8.82969996e+00	9.24545365e+04	5.67446827e+08
9.01477631e+00	9.46731526e+04	5.51761141e+08
9.20373200e+00	9.69427838e+04	5.36476444e+08
9.39664831e+00	9.92645585e+04	5.21583976e+08
9.59360829e+00	1.01639629e+05	5.07075100e+08
9.79469667e+00	1.04069174e+05	4.92941300e+08
1.00000000e+01	1.06554395e+05	4.79174189e+08
1.02096066e+01	1.09096522e+05	4.65765503e+08
1.04236067e+01	1.11696808e+05	4.52707106e+08
1.06420924e+01	1.14356535e+05	4.39990994e+08
1.08651577e+01	1.17077014e+05	4.27609287e+08
1.10928986e+01	1.19859581e+05	4.15554240e+08
1.13254132e+01	1.22705602e+05	4.03818236e+08
1.15628013e+01	1.25616473e+05	3.92393787e+08
1.18051653e+01	1.28593618e+05	3.81273539e+08
1.20526094e+01	1.31638493e+05	3.70450266e+08
1.23052400e+01	1.34752584e+05	3.59916874e+08
1.25631660e+01	1.37937411e+05	3.49666399e+08
1.28264983e+01	1.41194524e+05	3.39692004e+08
1.30953502e+01	1.44525507e+05	3.29986984e+08
1.33698374e+01	1.47931979e+05	3.20544763e+08
1.36500781e+01	1.51415590e+05	3.11358890e+08
1.39361927e+01	1.54978031e+05	3.02423042e+08
1.42283046e+01	1.58621023e+05	2.93731021e+08
1.45265393e+01	1.62346328e+05	2.85276757e+08
1.48310251e+01	1.66155744e+05	2.77054300e+08
1.51418933e+01	1.70051108e+05	2.69057824e+08
1.54592774e+01	1.74034295e+05	2.61281624e+08
1.57833141e+01	1.78107221e+05	2.53720116e+08
1.61141428e+01	1.82271842e+05	2.46367834e+08
1.64519059e+01	1.86530157e+05	2.39219429e+08
1.67967487e+01	1.90884206e+05	2.32269668e+08
1.71488197e+01	1.95336074e+05	2.25513433e+08
1.75082703e+01	1.99887890e+05	2.18945717e+08
1.78752553e+01	2.04541827e+05	2.12561627e+08
1.82499324e+01	2.09300106e+05	2.06356377e+08
1.86324631e+01	2.14164994e+05	2.00325292e+08
1.90230119e+01	2.19138807e+05	1.94463800e+08
1.94217468e+01	2.24223911e+05	1.88767437e+08
1.98288395e+01	2.29422721e+05	1.83231840e+08
2.02444651e+01	2.34737703e+05	1.77852748e+08
2.06688025e+01	2.40171376e+05	1.72626000e+08
2.11020343e+01	2.45726315e+05	1.67547533e+08
2.15443469e+01	2.51405145e+05	1.62613382e+08
2.19959307e+01	2.57210551e+05	1.57819673e+08
2.24569800e+01	2.63145273e+05	1.53162628e+08
2.29276931e+01	2.69212109e+05	1.48638560e+08
2.34082728e+01	2.75413918e+05	1.44243871e+08
2.38989257e+01	2.81753618e+05	1.39975050e+08
2.43998630e+01	2.88234190e+05	1.35828673e+08
2.49113003e+01	2.94858679e+05	1.31801402e+08
2.54334576e+01	3.01630191e+05	1.27889980e+08
2.59665597e+01	3.08551903e+05	1.24091231e+08
2.65108360e+01	3.15627057e+05	1.20402060e+08
2.70665207e+01	3.22858962e+05	1.16819449e+08
2.76338529e+01	3.30251001e+05	1.13340458e+08
2.82130768e+01	3.37806625e+05	1.09962218e+08
2.88044415e+01	3.45529362e+05	1.06681937e+08
2.94082017e+01	3.53422810e+05	1.03496892e+08
3.00246171e+01	3.61490649e+05	1.00404432e+08
3.06539530e+01	3.69736632e+05	9.74019742e+07
3.12964801e+01	3.78164595e+05	9.44870010e+07
3.19524751e+01	3.86778452e+05	9.16570620e+07
3.26222201e+01	3.95582204e+05	8.89097702e+07
3.33060034e+01	4.04579933e+05	8.62428016e+07
3.40041193e+01	4.13775810e+05	8.36538930e+07
3.47168682e+01	4.23174093e+05	8.11408411e+07
3.54445567e+01	4.32779131e+05	7.87015011e+07
3.61874981e+01	4.42595365e+05	7.63337849e+07
3.69460121e+01	4.52627328e+05	7.40356604e+07
3.77204249e+01	4.62879652e+05	7.18051498e+07
3.85110700e+01	4.73357066e+05	6.96403282e+07
3.93182876e+01	4.84064398e+05	6.75393227e+07
4.01424249e+01	4.95006579e+05	6.55003109e+07
4.09838367e+01	5.06188644e+05	6.35215196e+07
4.18428851e+01	5.17615736e+05	6.16012239e+07
4.27199397e+01	5.29293105e+05	5.97377458e+07
4.36153779e+01	5.41226112e+05	5.79294530e+07
4.45295851e+01	5.53420233e+05	5.61747580e+07
4.54629547e+01	5.65881058e+05	5.44721167e+07
4.64158883e+01	5.78614296e+05	5.28200275e+07
4.73887961e+01	5.91625777e+05	5.12170302e+07
4.83820966e+01	6.04921453e+05	4.96617050e+07
4.93962174e+01	6.18507404e+05	4.81526713e+07
5.04315949e+01	6.32389836e+05	4.66885868e+07
5.14886745e+01	6.46575088e+05	4.52681466e+07
5.25679112e+01	6.61069631e+05	4.38900822e+07
5.36697695e+01	6.75880075e+05	4.25531604e+07
5.47947234e+01	6.91013168e+05	4.12561826e+07
5.59432571e+01	7.06475802e+05	3.99979838e+07
5.71158648e+01	7.22275012e+05	3.87774316e+07
5.83130511e+01	7.38417983e+05	3.75934258e+07
5.95353313e+01	7.54912053e+05	3.64448968e+07
6.07832313e+01	7.71764713e+05	3.53308054e+07
6.20572881e+01	7.88983613e+05	3.42501421e+07
6.33580499e+01	8.06576563e+05	3.32019255e+07
6.46860766e+01	8.24551541e+05	3.21852023e+07
6.60419396e+01	8.42916689e+05	3.11990466e+07
6.74262224e+01	8.61680325e+05	3.02425583e+07
6.88395207e+01	8.80850940e+05	2.93148635e+07
7.02824426e+01	9.00437205e+05	2.84151131e+07
7.17556092e+01	9.20447973e+05	2.75424821e+07
7.32596543e+01	9.40892284e+05	2.66961694e+07
7.47952252e+01	9.61779369e+05	2.58753969e+07
7.63629826e+01	9.83118655e+05	2.50775613e+07
7.79636013e+01	1.00491976e+06	2.43074709e+07
7.95977700e+01	1.02719252e+06	2.35588704e+07
8.12661920e+01	1.04994697e+06	2.28329151e+07
8.29695852e+01	1.07319335e+06	2.21289325e+07
8.47086827e+01	1.09694212e+06	2.14462700e+07
8.64842328e+01	1.12120396e+06	2.07842934e+07
8.82969996e+01	1.14598979e+06	2.01423874e+07
9.01477631e+01	1.17131073e+06	1.95199542e+07
9.20373200e+01	1.19717817e+06	1.89164136e+07
9.39664831e+01	1.22360371e+06	1.83312022e+07
9.59360829e+01	1.25059920e+06	1.77637731e+07
9.79469667e+01	1.27817676e+06	1.72135951e+07
1.00000000e+02	1.30634873e+06	1.66801529e+07
1.02096066e+02	1.33512776e+06	1.61629461e+07
1.04236067e+02	1.36452671e+06	1.56614888e+07
1.06420924e+02	1.39455874e+06	1.51753094e+07
1.08651577e+02	1.42523730e+06	1.47039504e+07
1.10928986e+02	1.45657609e+06	1.42469675e+07
1.13254132e+02	1.48858913e+06	1.38039293e+07
1.15628013e+02	1.52129071e+06	1.33744174e+07
1.18051653e+02	1.55469544e+06	1.29580256e+07
1.20526094e+02	1.58881822e+06	1.25543596e+07
1.23052400e+02	1.62367427e+06	1.21630368e+07
1.25631660e+02	1.65927915e+06	1.17836859e+07
1.28264983e+02	1.69564871e+06	1.14159465e+07
1.30953502e+02	1.73279916e+06	1.10594689e+07
1.33698374e+02	1.77074705e+06	1.07139137e+07
1.36500781e+02	1.80950926e+06	1.03789518e+07
1.39361927e+02	1.84910305e+06	1.00542634e+07
1.42283046e+02	1.88954602e+06	9.73953855e+06
1.45265393e+02	1.93085616e+06	9.43447639e+06
1.48310251e+02	1.97305181e+06	9.13878495e+06
1.51418933e+02	2.01615173e+06	8.85218100e+06
1.54592774e+02	2.06017505e+06	8.57438969e+06
1.57833141e+02	2.10514131e+06	8.30514438e+06
1.61141428e+02	2.15107047e+06	8.04418636e+06
1.64519059e+02	2.19798289e+06	7.79126462e+06
1.67967487e+02	2.24589936e+06	7.54613566e+06
1.71488197e+02	2.29484114e+06	7.30856322e+06
1.75082703e+02	2.34482988e+06	7.07831822e+06
1.78752553e+02	2.39588774e+06	6.85517809e+06
1.82499324e+02	2.44803731e+06	6.63892726e+06
1.86324631e+02	2.50130167e+06	6.42935636e+06
1.90230119e+02	2.55570438e+06	6.22626262e+06
1.94217468e+02	2.61126949e+06	6.02944904e+06
1.98288395e+02	2.66802157e+06	5.83872460e+06
2.02444651e+02	2.72598569e+06	5.65390403e+06
2.06688025e+02	2.78518745e+06	5.47480762e+06
2.11020343e+02	2.84565299e+06	5.30126102e+06
2.15443469e+02	2.90740901e+06	5.13309515e+06
2.19959307e+02	2.97048274e+06	4.97014600e+06
2.24569800e+02	3.03490202e+06	4.81225449e+06
2.29276931e+02	3.10069525e+06	4.65926631e+06
2.34082728e+02	3.16789143e+06	4.51103182e+06
2.38989257e+02	3.23652016e+06	4.36740586e+06
2.43998630e+02	3.30661168e+06	4.22824765e+06
2.49113003e+02	3.37819686e+06	4.09342066e+06
2.54334576e+02	3.45130720e+06	3.96279247e+06
2.59665597e+02	3.52597489e+06	3.83623464e+06
2.65108360e+02	3.60223276e+06	3.71362262e+06
2.70665207e+02	3.68011436e+06	3.59483563e+06
2.76338529e+02	3.75965394e+06	3.47975650e+06
2.82130768e+02	3.84088644e+06	3.36827165e+06
2.88044415e+02	3.92384756e+06	3.26027089e+06
2.94082017e+02	4.00857375e+06	3.15564737e+06
3.00246171e+02	4.09510221e+06	3.05429750e+06
3.06539530e+02	4.18347092e+06	2.95612079e+06
3.12964801e+02	4.27371868e+06	2.86101980e+06
3.19524751e+02	4.36588506e+06	2.76890006e+06
3.26222201e+02	4.46001050e+06	2.67966995e+06
3.33060034e+02	4.55613628e+06	2.59324061e+06
3.40041193e+02	4.65430453e+06	2.50952589e+06
3.47168682e+02	4.75455827e+06	2.42844227e+06
3.54445567e+02	4.85694142e+06	2.34990873e+06
3.61874981e+02	4.96149883e+06	2.27384672e+06
3.69460121e+02	5.06827629e+06	2.20018009e+06
3.77204249e+02	5.17732053e+06	2.12883499e+06
3.85110700e+02	5.28867929e+06	2.05973982e+06
3.93182876e+02	5.40240128e+06	1.99282514e+06
4.01424249e+02	5.51853624e+06	1.92802364e+06
4.09838367e+02	5.63713497e+06	1.86527005e+06
4.18428851e+02	5.75824932e+06	1.80450109e+06
4.27199397e+02	5.88193221e+06	1.74565539e+06
4.36153779e+02	6.00823770e+06	1.68867348e+06
4.45295851e+02	6.13722097e+06	1.63349766e+06
4.54629547e+02	6.26893834e+06	1.58007202e+06
4.64158883e+02	6.40344734e+06	1.52834235e+06
4.73887961e+02	6.54080669e+06	1.47825608e+06
4.83820966e+02	6.68107632e+06	1.42976224e+06
4.93962174e+02	6.82431745e+06	1.38281144e+06
5.04315949e+02	6.97059256e+06	1.33735577e+06
5.14886745e+02	7.11996544e+06	1.29334880e+06
5.25679112e+02	7.27250124e+06	1.25074551e+06
5.36697695e+02	7.42826644e+06	1.20950225e+06
5.47947234e+02	7.58732893e+06	1.16957673e+06
5.59432571e+02	7.74975801e+06	1.13092791e+06
5.71158648e+02	7.91562446e+06	1.09351604e+06
5.83130511e+02	8.08500051e+06	1.05730257e+06
5.95353313e+02	8.25795992e+06	1.02225013e+06
6.07832313e+02	8.43457799e+06	9.88322513e+05
6.20572881e+02	8.61493159e+06	9.55484589e+05
6.33580499e+02	8.79909920e+06	9.23702325e+05
6.46860766e+02	8.98716096e+06	8.92942725e+05
6.60419396e+02	9.17919867e+06	8.63173804e+05
6.74262224e+02	9.37529585e+06	8.34365482e+05
6.88395207e+02	9.57553777e+06	8.06485961e+05
7.02824426e+02	9.78001148e+06	7.79507076e+05
7.17556092e+02	9.98880585e+06	7.53400821e+05
7.32596543e+02	1.02020116e+07	7.28136939e+05
7.47952252e+02	1.04197214e+07	7.03693303e+05
7.63629826e+02	1.06420298e+07	6.80040387e+05
7.79636013e+02	1.08690334e+07	6.57157941e+05
7.95977700e+02	1.11008307e+07	6.35018557e+05
8.12661920e+02	1.13375224e+07	6.13599162e+05
8.29695852e+02	1.15792111e+07	5.92877151e+05
8.47086827e+02	1.18260019e+07	5.72830560e+05
8.64842328e+02	1.20780018e+07	5.53438088e+05
8.82969996e+02	1.23353201e+07	5.34679080e+05
9.01477631e+02	1.25980685e+07	5.16533516e+05
9.20373200e+02	1.28663608e+07	4.98981993e+05
9.39664831e+02	1.31403135e+07	4.82005703e+05
9.59360829e+02	1.34200453e+07	4.65586420e+05
9.79469667e+02	1.37056775e+07	4.49706481e+05
1.00000000e+03	1.39973339e+07	4.34348765e+05
1.02096066e+03	1.42951409e+07	4.19496684e+05
1.04236067e+03	1.45992274e+07	4.05134160e+05
1.06420924e+03	1.49097253e+07	3.91245613e+05
1.08651577e+03	1.52267690e+07	3.77815947e+05
1.10928986e+03	1.55504959e+07	3.64830730e+05
1.13254132e+03	1.58810461e+07	3.52275383e+05
1.15628013e+03	1.62185628e+07	3.40136370e+05
1.18051653e+03	1.65631920e+07	3.28400382e+05
1.20526094e+03	1.69150829e+07	3.17054519e+05
1.23052400e+03	1.72743878e+07	3.06086282e+05
1.25631660e+03	1.76412622e+07	2.95483562e+05
1.28264983e+03	1.80158649e+07	2.85234626e+05
1.30953502e+03	1.83983578e+07	2.75328105e+05
1.33698374e+03	1.87889065e+07	2.65752984e+05
1.36500781e+03	1.91876798e+07	2.56498591e+05
1.39361927e+03	1.95948502e+07	2.47554587e+05
1.42283046e+03	2.00105938e+07	2.38910955e+05
1.45265393e+03	2.04350902e+07	2.30557991e+05
1.48310251e+03	2.08685230e+07	2.22486294e+05
1.51418933e+03	2.13110796e+07	2.14686748e+05
1.54592774e+03	2.17629511e+07	2.07150546e+05
1.57833141e+03	2.22243330e+07	1.99869133e+05
1.61141428e+03	2.26954244e+07	1.92834230e+05
1.64519059e+03	2.31764290e+07	1.86037818e+05
1.67967487e+03	2.36675545e+07	1.79472128e+05
1.71488197e+03	2.41690131e+07	1.73129637e+05
1.75082703e+03	2.46810214e+07	1.67003056e+05
1.78752553e+03	2.52038004e+07	1.61085327e+05
1.82499324e+03	2.57375760e+07	1.55369612e+05
1.86324631e+03	2.62825785e+07	1.49849291e+05
1.90230119e+03	2.68390434e+07	1.44517951e+05
1.94217468e+03	2.74072107e+07	1.39369381e+05
1.98288395e+03	2.79873258e+07	1.34397568e+05
2.02444651e+03	2.85796391e+07	1.29596687e+05
2.06688025e+03	2.91844061e+07	1.24961099e+05
2.11020343e+03	2.98018879e+07	1.20485343e+05
2.15443469e+03	3.04323509e+07	1.16164130e+05
2.19959307e+03	3.10760671e+07	1.11992341e+05
2.24569800e+03	3.17333143e+07	1.07965018e+05
2.29276931e+03	3.24043759e+07	1.04077362e+05
2.34082728e+03	3.30895415e+07	1.00324725e+05
2.38989257e+03	3.37891066e+07	9.67026098e+04
2.43998630e+03	3.45033728e+07	9.32066600e+04
2.49113003e+03	3.52326484e+07	8.98326602e+04
2.54334576e+03	3.59772477e+07	8.65765291e+04
2.59665597e+03	3.67374918e+07	8.34343165e+04
2.65108360e+03	3.75137085e+07	8.04021987e+04
2.70665207e+03	3.83062326e+07	7.74764747e+04
2.76338529e+03	3.91154056e+07	7.46535627e+04
2.82130768e+03	3.99415764e+07	7.19299961e+04
2.88044415e+03	4.07851012e+07	6.93024201e+04
2.94082017e+03	4.16463436e+07	6.67675880e+04
3.00246171e+03	4.25256747e+07	6.43223584e+04
3.06539530e+03	4.34234736e+07	6.19636912e+04
3.12964801e+03	4.43401272e+07	5.96886451e+04
3.19524751e+03	4.52760306e+07	5.74943741e+04
3.26222201e+03	4.62315870e+07	5.53781255e+04
3.33060034e+03	4.72072082e+07	5.33372343e+04
3.40041193e+03	4.82033146e+07	5.13691242e+04
3.47168682e+03	4.92203354e+07	4.94713023e+04
3.54445567e+03	5.02587088e+07	4.76413574e+04
3.61874981e+03	5.13188821e+07	4.58769572e+04
3.69460121e+03	5.24013121e+07	4.41758458e+04
3.77204249e+03	5.35064652e+07	4.25358416e+04
3.85110700e+03	5.46348172e+07	4.09548346e+04
3.93182876e+03	5.57868545e+07	3.94307845e+04
4.01424249e+03	5.69630730e+07	3.79617182e+04
4.09838367e+03	5.81639796e+07	3.65457280e+04
4.18428851e+03	5.93900914e+07	3.51809692e+04
4.27199397e+03	6.06419365e+07	3.38656585e+04
4.36153779e+03	6.19200541e+07	3.25980718e+04
4.45295851e+03	6.32249947e+07	3.13765422e+04
4.54629547e+03	6.45573201e+07	3.01994586e+04
4.64158883e+03	6.59176043e+07	2.90652636e+04
4.73887961e+03	6.73064328e+07	2.79724521e+04
4.83820966e+03	6.87244040e+07	2.69195643e+04
4.93962174e+03	7.01721282e+07	2.59052089e+04
5.04315949e+03	7.16502289e+07	2.49280127e+04
5.14886745e+03	7.31593426e+07	2.39866677e+04
5.25679112e+03	7.47001190e+07	2.30798970e+04
5.36697695e+03	7.62732215e+07	2.22064903e+04
5.47947234e+03	7.78793275e+07	2.13652563e+04
5.59432571e+03	7.95191285e+07	2.05550511e+04
5.71158648e+03	8.11933304e+07	1.97747694e+04
5.83130511e+03	8.29026541e+07	1.90233440e+04
5.95353313e+03	8.46478355e+07	1.82997439e+04
6.07832313e+03	8.64296258e+07	1.76029732e+04
6.20572881e+03	8.82487921e+07	1.69320703e+04
6.33580499e+03	9.01061176e+07	1.62861067e+04
6.46860766e+03	9.20024019e+07	1.56641855e+04
6.60419396e+03	9.39384613e+07	1.50654409e+04
6.74262224e+03	9.59151291e+07	1.44890370e+04
6.88395207e+03	9.79332564e+07	1.39341666e+04
7.02824426e+03	9.99937117e+07	1.34000507e+04
7.17556092e+03	1.02097382e+08	1.28859372e+04
7.32596543e+03	1.04245173e+08	1.23911000e+04
7.47952252e+03	1.06438009e+08	1.19148387e+04
7.63629826e+03	1.08676834e+08	1.14564768e+04
7.79636013e+03	1.10962612e+08	1.10153619e+04
7.95977700e+03	1.13296326e+08	1.05908641e+04
8.12661920e+03	1.15678982e+08	1.01823759e+04
8.29695852e+03	1.18111604e+08	9.78931095e+03
8.47086827e+03	1.20595239e+08	9.41110359e+03
8.64842328e+03	1.23130957e+08	9.04720812e+03
8.82969996e+03	1.25719849e+08	8.69709814e+03
9.01477631e+03	1.28363030e+08	8.36026586e+03
9.20373200e+03	1.31061636e+08	8.03622151e+03
9.39664831e+03	1.33816830e+08	7.72449340e+03
9.59360829e+03	1.36629796e+08	7.42462470e+03
9.79469667e+03	1.39501747e+08	7.13617670e+03
1.00000000e+04	1.42433918e+08	6.95279452e+03
