# redshift	D_L [Mpc]	Age [yr]
1.00000000e-05	4.25844949e-02	1.37534902e+10
1.02096066e-05	4.34771014e-02	1.37534873e+10
1.04236067e-05	4.43884178e-02	1.37534843e+10
1.06420924e-05	4.53188363e-02	1.37534813e+10
1.08651577e-05	4.62687573e-02	1.37534782e+10
1.10928986e-05	4.72385897e-02	1.37534750e+10
1.13254132e-05	4.82287507e-02	1.37534718e+10
1.15628013e-05	4.92396666e-02	1.37534685e+10
1.18051653e-05	5.02717723e-02	1.37534651e+10
1.20526094e-05	5.13255121e-02	1.37534617e+10
1.23052400e-05	5.24013393e-02	1.37534582e+10
1.25631660e-05	5.34997171e-02	1.37534546e+10
1.28264983e-05	5.46211180e-02	1.37534509e+10
1.30953502e-05	5.57660248e-02	1.37534472e+10
1.33698374e-05	5.69349300e-02	1.37534434e+10
1.36500781e-05	5.81283368e-02	1.37534395e+10
1.39361927e-05	5.93467588e-02	1.37534355e+10
1.42283046e-05	6.05907203e-02	1.37534315e+10
1.45265393e-05	6.18607566e-02	1.37534273e+10
1.48310251e-05	6.31574143e-02	1.37534231e+10
1.51418933e-05	6.44812515e-02	1.37534188e+10
1.54592774e-05	6.58328379e-02	1.37534144e+10
1.57833141e-05	6.72127551e-02	1.37534099e+10
1.61141428e-05	6.86215970e-02	1.37534053e+10
1.64519059e-05	7.00599700e-02	1.37534006e+10
1.67967487e-05	7.15284930e-02	1.37533958e+10
1.71488197e-05	7.30277980e-02	1.37533909e+10
1.75082703e-05	7.45585303e-02	1.37533859e+10
1.78752553e-05	7.61213488e-02	1.37533808e+10
1.82499324e-05	7.77169258e-02	1.37533756e+10
1.86324631e-05	7.93459482e-02	1.37533703e+10
1.90230119e-05	8.10091170e-02	1.37533649e+10
1.94217468e-05	8.27071480e-02	1.37533593e+10
1.98288395e-05	8.44407720e-02	1.37533537e+10
2.02444651e-05	8.62107350e-02	1.37533479e+10
2.06688025e-05	8.80177988e-02	1.37533420e+10
2.11020343e-05	8.98627412e-02	1.37533360e+10
2.15443469e-05	9.17463560e-02	1.37533298e+10
2.19959307e-05	9.36694541e-02	1.37533236e+10
2.24569800e-05	9.56328630e-02	1.37533172e+10
2.29276931e-05	9.76374277e-02	1.37533106e+10
2.34082728e-05	9.96840110e-02	1.37533040e+10
2.38989257e-05	1.01773494e-01	1.37532971e+10
2.43998630e-05	1.03906775e-01	1.37532902e+10
2.49113003e-05	1.06084773e-01	1.37532831e+10
2.54334576e-05	1.08308425e-01	1.37532758e+10
2.59665597e-05	1.10578688e-01	1.37532684e+10
2.65108360e-05	1.12896540e-01	1.37532609e+10
2.70665207e-05	1.15262977e-01	1.37532531e+10
2.76338529e-05	1.17679018e-01	1.37532453e+10
2.82130768e-05	1.20145704e-01	1.37532372e+10
2.88044415e-05	1.22664095e-01	1.37532290e+10
2.94082017e-05	1.25235276e-01	1.37532206e+10
3.00246171e-05	1.27860353e-01	1.37532121e+10
3.06539530e-05	1.30540456e-01	1.37532033e+10
3.12964801e-05	1.33276739e-01	1.37531944e+10
3.19524751e-05	1.36070378e-01	1.37531853e+10
3.26222201e-05	1.38922578e-01	1.37531760e+10
3.33060034e-05	1.41834564e-01	1.37531665e+10
3.40041193e-05	1.44807591e-01	1.37531568e+10
3.47168682e-05	1.47842938e-01	1.37531469e+10
3.54445567e-05	1.50941911e-01	1.37531368e+10
3.61874981e-05	1.54105845e-01	1.37531265e+10
3.69460121e-05	1.57336100e-01	1.37531159e+10
3.77204249e-05	1.60634068e-01	1.37531052e+10
3.85110700e-05	1.64001168e-01	1.37530942e+10
3.93182876e-05	1.67438849e-01	1.37530830e+10
4.01424249e-05	1.70948590e-01	1.37530715e+10
4.09838367e-05	1.74531902e-01	1.37530599e+10
4.18428851e-05	1.78190328e-01	1.37530479e+10
4.27199397e-05	1.81925443e-01	1.37530357e+10
4.36153779e-05	1.85738853e-01	1.37530233e+10
4.45295851e-05	1.89632200e-01	1.37530106e+10
4.54629547e-05	1.93607161e-01	1.37529976e+10
4.64158883e-05	1.97665445e-01	1.37529844e+10
4.73887961e-05	2.01808800e-01	1.37529709e+10
4.83820966e-05	2.06039009e-01	1.37529571e+10
4.93962174e-05	2.10357893e-01	1.37529430e+10
5.04315949e-05	2.14767310e-01	1.37529286e+10
5.14886745e-05	2.19269160e-01	1.37529140e+10
5.25679112e-05	2.23865379e-01	1.37528990e+10
5.36697695e-05	2.28557946e-01	1.37528837e+10
5.47947234e-05	2.33348881e-01	1.37528680e+10
5.59432571e-05	2.38240246e-01	1.37528521e+10
5.71158648e-05	2.43234146e-01	1.37528358e+10
5.83130511e-05	2.48332731e-01	1.37528192e+10
5.95353313e-05	2.53538197e-01	1.37528022e+10
6.07832313e-05	2.58852782e-01	1.37527849e+10
6.20572881e-05	2.64278776e-01	1.37527672e+10
6.33580499e-05	2.69818513e-01	1.37527491e+10
6.46860766e-05	2.75474379e-01	1.37527307e+10
6.60419396e-05	2.81248808e-01	1.37527118e+10
6.74262224e-05	2.87144286e-01	1.37526926e+10
6.88395207e-05	2.93163350e-01	1.37526730e+10
7.02824426e-05	2.99308592e-01	1.37526530e+10
7.17556092e-05	3.05582656e-01	1.37526325e+10
7.32596543e-05	3.11988244e-01	1.37526116e+10
7.47952252e-05	3.18528114e-01	1.37525903e+10
7.63629826e-05	3.25205080e-01	1.37525685e+10
7.79636013e-05	3.32022017e-01	1.37525463e+10
7.95977700e-05	3.38981859e-01	1.37525236e+10
8.12661920e-05	3.46087603e-01	1.37525004e+10
8.29695852e-05	3.53342307e-01	1.37524768e+10
8.47086827e-05	3.60749095e-01	1.37524526e+10
8.64842328e-05	3.68311156e-01	1.37524280e+10
8.82969996e-05	3.76031744e-01	1.37524028e+10
9.01477631e-05	3.83914184e-01	1.37523771e+10
9.20373200e-05	3.91961869e-01	1.37523508e+10
9.39664831e-05	4.00178263e-01	1.37523240e+10
9.59360829e-05	4.08566905e-01	1.37522967e+10
9.79469667e-05	4.17131406e-01	1.37522688e+10
1.00000000e-04	4.25875452e-01	1.37522403e+10
1.02096066e-04	4.34802809e-01	1.37522111e+10
1.04236067e-04	4.43917320e-01	1.37521814e+10
1.06420924e-04	4.53222909e-01	1.37521511e+10
1.08651577e-04	4.62723582e-01	1.37521201e+10
1.10928986e-04	4.72423431e-01	1.37520885e+10
1.13254132e-04	4.82326632e-01	1.37520562e+10
1.15628013e-04	4.92437448e-01	1.37520232e+10
1.18051653e-04	5.02760232e-01	1.37519896e+10
1.20526094e-04	5.13299431e-01	1.37519552e+10
1.23052400e-04	5.24059580e-01	1.37519201e+10
1.25631660e-04	5.35045314e-01	1.37518843e+10
1.28264983e-04	5.46261363e-01	1.37518477e+10
1.30953502e-04	5.57712556e-01	1.37518104e+10
1.33698374e-04	5.69403825e-01	1.37517723e+10
1.36500781e-04	5.81340202e-01	1.37517334e+10
1.39361927e-04	5.93526829e-01	1.37516936e+10
1.42283046e-04	6.05968953e-01	1.37516531e+10
1.45265393e-04	6.18671932e-01	1.37516117e+10
1.48310251e-04	6.31641236e-01	1.37515694e+10
1.51418933e-04	6.44882450e-01	1.37515262e+10
1.54592774e-04	6.58401276e-01	1.37514821e+10
1.57833141e-04	6.72203536e-01	1.37514372e+10
1.61141428e-04	6.86295174e-01	1.37513912e+10
1.64519059e-04	7.00682259e-01	1.37513443e+10
1.67967487e-04	7.15370986e-01	1.37512964e+10
1.71488197e-04	7.30367682e-01	1.37512475e+10
1.75082703e-04	7.45678805e-01	1.37511976e+10
1.78752553e-04	7.61310949e-01	1.37511467e+10
1.82499324e-04	7.77270848e-01	1.37510946e+10
1.86324631e-04	7.93565376e-01	1.37510415e+10
1.90230119e-04	8.10201549e-01	1.37509873e+10
1.94217468e-04	8.27186535e-01	1.37509319e+10
1.98288395e-04	8.44527648e-01	1.37508754e+10
2.02444651e-04	8.62232358e-01	1.37508177e+10
2.06688025e-04	8.80308292e-01	1.37507588e+10
2.11020343e-04	8.98763235e-01	1.37506986e+10
2.15443469e-04	9.17605137e-01	1.37506372e+10
2.19959307e-04	9.36842114e-01	1.37505745e+10
2.24569800e-04	9.56482454e-01	1.37505105e+10
2.29276931e-04	9.76534617e-01	1.37504451e+10
2.34082728e-04	9.97007242e-01	1.37503784e+10
2.38989257e-04	1.01790915e+00	1.37503103e+10
2.43998630e-04	1.03924934e+00	1.37502407e+10
2.49113003e-04	1.06103701e+00	1.37501697e+10
2.54334576e-04	1.08328155e+00	1.37500972e+10
2.59665597e-04	1.10599254e+00	1.37500232e+10
2.65108360e-04	1.12917977e+00	1.37499476e+10
2.70665207e-04	1.15285322e+00	1.37498705e+10
2.76338529e-04	1.17702310e+00	1.37497917e+10
2.82130768e-04	1.20169982e+00	1.37497113e+10
2.88044415e-04	1.22689402e+00	1.37496292e+10
2.94082017e-04	1.25261654e+00	1.37495454e+10
3.00246171e-04	1.27887849e+00	1.37494598e+10
3.06539530e-04	1.30569117e+00	1.37493724e+10
3.12964801e-04	1.33306613e+00	1.37492832e+10
3.19524751e-04	1.36101518e+00	1.37491922e+10
3.26222201e-04	1.38955037e+00	1.37490992e+10
3.33060034e-04	1.41868398e+00	1.37490042e+10
3.40041193e-04	1.44842858e+00	1.37489073e+10
3.47168682e-04	1.47879699e+00	1.37488084e+10
3.54445567e-04	1.50980229e+00	1.37487074e+10
3.61874981e-04	1.54145786e+00	1.37486042e+10
3.69460121e-04	1.57377733e+00	1.37484989e+10
3.77204249e-04	1.60677465e+00	1.37483914e+10
3.85110700e-04	1.64046402e+00	1.37482817e+10
3.93182876e-04	1.67485999e+00	1.37481696e+10
4.01424249e-04	1.70997738e+00	1.37480552e+10
4.09838367e-04	1.74583132e+00	1.37479384e+10
4.18428851e-04	1.78243728e+00	1.37478192e+10
4.27199397e-04	1.81981104e+00	1.37476974e+10
4.36153779e-04	1.85796872e+00	1.37475731e+10
4.45295851e-04	1.89692677e+00	1.37474462e+10
4.54629547e-04	1.93670199e+00	1.37473167e+10
4.64158883e-04	1.97731153e+00	1.37471844e+10
4.73887961e-04	2.01877291e+00	1.37470494e+10
4.83820966e-04	2.06110401e+00	1.37469115e+10
4.93962174e-04	2.10432309e+00	1.37467708e+10
5.04315949e-04	2.14844879e+00	1.37466271e+10
5.14886745e-04	2.19350014e+00	1.37464803e+10
5.25679112e-04	2.23949658e+00	1.37463306e+10
5.36697695e-04	2.28645794e+00	1.37461776e+10
5.47947234e-04	2.33440450e+00	1.37460215e+10
5.59432571e-04	2.38335694e+00	1.37458621e+10
5.71158648e-04	2.43333637e+00	1.37456994e+10
5.83130511e-04	2.48436436e+00	1.37455332e+10
5.95353313e-04	2.53646294e+00	1.37453636e+10
6.07832313e-04	2.58965458e+00	1.37451904e+10
6.20572881e-04	2.64396224e+00	1.37450136e+10
6.33580499e-04	2.69940936e+00	1.37448331e+10
6.46860766e-04	2.75601988e+00	1.37446488e+10
6.60419396e-04	2.81381822e+00	1.37444607e+10
6.74262224e-04	2.87282933e+00	1.37442686e+10
6.88395207e-04	2.93307870e+00	1.37440725e+10
7.02824426e-04	2.99459233e+00	1.37438723e+10
7.17556092e-04	3.05739678e+00	1.37436679e+10
7.32596543e-04	3.12151916e+00	1.37434592e+10
7.47952252e-04	3.18698718e+00	1.37432462e+10
7.63629826e-04	3.25382910e+00	1.37430286e+10
7.79636013e-04	3.32207379e+00	1.37428066e+10
7.95977700e-04	3.39175072e+00	1.37425799e+10
8.12661920e-04	3.46288999e+00	1.37423484e+10
8.29695852e-04	3.53552234e+00	1.37421121e+10
8.47086827e-04	3.60967913e+00	1.37418708e+10
8.64842328e-04	3.68539241e+00	1.37416245e+10
8.82969996e-04	3.76269490e+00	1.37413730e+10
9.01477631e-04	3.84161999e+00	1.37411163e+10
9.20373200e-04	3.92220180e+00	1.37408542e+10
9.39664831e-04	4.00447515e+00	1.37405866e+10
9.59360829e-04	4.08847561e+00	1.37403134e+10
9.79469667e-04	4.17423948e+00	1.37400345e+10
1.00000000e-03	4.26180384e+00	1.37397497e+10
1.02096066e-03	4.35120656e+00	1.37394590e+10
1.04236067e-03	4.44248628e+00	1.37391622e+10
1.06420924e-03	4.53568249e+00	1.37388592e+10
1.08651577e-03	4.63083549e+00	1.37385499e+10
1.10928986e-03	4.72798643e+00	1.37382341e+10
1.13254132e-03	4.82717735e+00	1.37379116e+10
1.15628013e-03	4.92845115e+00	1.37375824e+10
1.18051653e-03	5.03185165e+00	1.37372464e+10
1.20526094e-03	5.13742359e+00	1.37369033e+10
1.23052400e-03	5.24521268e+00	1.37365530e+10
1.25631660e-03	5.35526555e+00	1.37361954e+10
1.28264983e-03	5.46762985e+00	1.37358303e+10
1.30953502e-03	5.58235422e+00	1.37354576e+10
1.33698374e-03	5.69948834e+00	1.37350770e+10
1.36500781e-03	5.81908293e+00	1.37346886e+10
1.39361927e-03	5.94118978e+00	1.37342919e+10
1.42283046e-03	6.06586180e+00	1.37338870e+10
1.45265393e-03	6.19315298e+00	1.37334736e+10
1.48310251e-03	6.32311848e+00	1.37330516e+10
1.51418933e-03	6.45581462e+00	1.37326207e+10
1.54592774e-03	6.59129890e+00	1.37321809e+10
1.57833141e-03	6.72963006e+00	1.37317318e+10
1.61141428e-03	6.87086806e+00	1.37312734e+10
1.64519059e-03	7.01507415e+00	1.37308053e+10
1.67967487e-03	7.16231086e+00	1.37303275e+10
1.71488197e-03	7.31264205e+00	1.37298396e+10
1.75082703e-03	7.46613293e+00	1.37293416e+10
1.78752553e-03	7.62285011e+00	1.37288332e+10
1.82499324e-03	7.78286159e+00	1.37283141e+10
1.86324631e-03	7.94623681e+00	1.37277842e+10
1.90230119e-03	8.11304669e+00	1.37272432e+10
1.94217468e-03	8.28336368e+00	1.37266909e+10
1.98288395e-03	8.45726171e+00	1.37261270e+10
2.02444651e-03	8.63481633e+00	1.37255514e+10
2.06688025e-03	8.81610467e+00	1.37249637e+10
2.11020343e-03	9.00120550e+00	1.37243637e+10
2.15443469e-03	9.19019927e+00	1.37237513e+10
2.19959307e-03	9.38316812e+00	1.37231260e+10
2.24569800e-03	9.58019596e+00	1.37224876e+10
2.29276931e-03	9.78136847e+00	1.37218359e+10
2.34082728e-03	9.98677315e+00	1.37211706e+10
2.38989257e-03	1.01964994e+01	1.37204914e+10
2.43998630e-03	1.04106384e+01	1.37197980e+10
2.49113003e-03	1.06292834e+01	1.37190901e+10
2.54334576e-03	1.08525296e+01	1.37183675e+10
2.59665597e-03	1.10804742e+01	1.37176297e+10
2.65108360e-03	1.13132165e+01	1.37168765e+10
2.70665207e-03	1.15508579e+01	1.37161076e+10
2.76338529e-03	1.17935019e+01	1.37153227e+10
2.82130768e-03	1.20412544e+01	1.37145214e+10
2.88044415e-03	1.22942234e+01	1.37137033e+10
2.94082017e-03	1.25525191e+01	1.37128682e+10
3.00246171e-03	1.28162543e+01	1.37120156e+10
3.06539530e-03	1.30855441e+01	1.37111452e+10
3.12964801e-03	1.33605059e+01	1.37102567e+10
3.19524751e-03	1.36412600e+01	1.37093496e+10
3.26222201e-03	1.39279288e+01	1.37084236e+10
3.33060034e-03	1.42206376e+01	1.37074783e+10
3.40041193e-03	1.45195145e+01	1.37065133e+10
3.47168682e-03	1.48246899e+01	1.37055281e+10
3.54445567e-03	1.51362975e+01	1.37045224e+10
3.61874981e-03	1.54544734e+01	1.37034957e+10
3.69460121e-03	1.57793570e+01	1.37024476e+10
3.77204249e-03	1.61110904e+01	1.37013776e+10
3.85110700e-03	1.64498190e+01	1.37002854e+10
3.93182876e-03	1.67956912e+01	1.36991704e+10
4.01424249e-03	1.71488584e+01	1.36980321e+10
4.09838367e-03	1.75094755e+01	1.36968701e+10
4.18428851e-03	1.78777008e+01	1.36956839e+10
4.27199397e-03	1.82536957e+01	1.36944730e+10
4.36153779e-03	1.86376252e+01	1.36932368e+10
4.45295851e-03	1.90296581e+01	1.36919749e+10
4.54629547e-03	1.94299663e+01	1.36906867e+10
4.64158883e-03	1.98387260e+01	1.36893717e+10
4.73887961e-03	2.02561168e+01	1.36880293e+10
4.83820966e-03	2.06823222e+01	1.36866590e+10
4.93962174e-03	2.11175299e+01	1.36852601e+10
5.04315949e-03	2.15619313e+01	1.36838321e+10
5.14886745e-03	2.20157224e+01	1.36823744e+10
5.25679112e-03	2.24791029e+01	1.36808864e+10
5.36697695e-03	2.29522773e+01	1.36793674e+10
5.47947234e-03	2.34354541e+01	1.36778168e+10
5.59432571e-03	2.39288467e+01	1.36762340e+10
5.71158648e-03	2.44326729e+01	1.36746182e+10
5.83130511e-03	2.49471552e+01	1.36729689e+10
5.95353313e-03	2.54725211e+01	1.36712853e+10
6.07832313e-03	2.60090029e+01	1.36695667e+10
6.20572881e-03	2.65568380e+01	1.36678123e+10
6.33580499e-03	2.71162689e+01	1.36660216e+10
6.46860766e-03	2.76875434e+01	1.36641936e+10
6.60419396e-03	2.82709148e+01	1.36623277e+10
6.74262224e-03	2.88666418e+01	1.36604230e+10
6.88395207e-03	2.94749887e+01	1.36584787e+10
7.02824426e-03	3.00962258e+01	1.36564942e+10
7.17556092e-03	3.07306290e+01	1.36544684e+10
7.32596543e-03	3.13784804e+01	1.36524006e+10
7.47952252e-03	3.20400683e+01	1.36502899e+10
7.63629826e-03	3.27156872e+01	1.36481355e+10
7.79636013e-03	3.34056382e+01	1.36459364e+10
7.95977700e-03	3.41102288e+01	1.36436917e+10
8.12661920e-03	3.48297734e+01	1.36414004e+10
8.29695852e-03	3.55645933e+01	1.36390617e+10
8.47086827e-03	3.63150167e+01	1.36366746e+10
8.64842328e-03	3.70813793e+01	1.36342380e+10
8.82969996e-03	3.78640240e+01	1.36317510e+10
9.01477631e-03	3.86633013e+01	1.36292125e+10
9.20373200e-03	3.94795695e+01	1.36266215e+10
9.39664831e-03	4.03131946e+01	1.36239768e+10
9.59360829e-03	4.11645509e+01	1.36212775e+10
9.79469667e-03	4.20340211e+01	1.36185224e+10
1.00000000e-02	4.29219959e+01	1.36157103e+10
1.02096066e-02	4.38288753e+01	1.36128401e+10
1.04236067e-02	4.47550676e+01	1.36099106e+10
1.06420924e-02	4.57009906e+01	1.36069206e+10
1.08651577e-02	4.66670711e+01	1.36038689e+10
1.10928986e-02	4.76537457e+01	1.36007543e+10
1.13254132e-02	4.86614604e+01	1.35975753e+10
1.15628013e-02	4.96906714e+01	1.35943308e+10
1.18051653e-02	5.07418450e+01	1.35910194e+10
1.20526094e-02	5.18154580e+01	1.35876398e+10
1.23052400e-02	5.29119979e+01	1.35841905e+10
1.25631660e-02	5.40319629e+01	1.35806702e+10
1.28264983e-02	5.51758628e+01	1.35770774e+10
1.30953502e-02	5.63442184e+01	1.35734106e+10
1.33698374e-02	5.75375627e+01	1.35696685e+10
1.36500781e-02	5.87564403e+01	1.35658493e+10
1.39361927e-02	6.00014083e+01	1.35619517e+10
1.42283046e-02	6.12730364e+01	1.35579740e+10
1.45265393e-02	6.25719073e+01	1.35539146e+10
1.48310251e-02	6.38986165e+01	1.35497719e+10
1.51418933e-02	6.52537735e+01	1.35455441e+10
1.54592774e-02	6.66380015e+01	1.35412296e+10
1.57833141e-02	6.80519376e+01	1.35368267e+10
1.61141428e-02	6.94962339e+01	1.35323335e+10
1.64519059e-02	7.09715570e+01	1.35277484e+10
1.67967487e-02	7.24785890e+01	1.35230693e+10
1.71488197e-02	7.40180275e+01	1.35182945e+10
1.75082703e-02	7.55905860e+01	1.35134220e+10
1.78752553e-02	7.71969947e+01	1.35084499e+10
1.82499324e-02	7.88380003e+01	1.35033763e+10
1.86324631e-02	8.05143668e+01	1.34981990e+10
1.90230119e-02	8.22268760e+01	1.34929161e+10
1.94217468e-02	8.39763275e+01	1.34875254e+10
1.98288395e-02	8.57635396e+01	1.34820249e+10
2.02444651e-02	8.75893495e+01	1.34764122e+10
2.06688025e-02	8.94546140e+01	1.34706853e+10
2.11020343e-02	9.13602097e+01	1.34648419e+10
2.15443469e-02	9.33070337e+01	1.34588796e+10
2.19959307e-02	9.52960040e+01	1.34527961e+10
2.24569800e-02	9.73280602e+01	1.34465891e+10
2.29276931e-02	9.94041638e+01	1.34402561e+10
2.34082728e-02	1.01525299e+02	1.34337947e+10
2.38989257e-02	1.03692473e+02	1.34272022e+10
2.43998630e-02	1.05906717e+02	1.34204763e+10
2.49113003e-02	1.08169087e+02	1.34136142e+10
2.54334576e-02	1.10480662e+02	1.34066134e+10
2.59665597e-02	1.12842550e+02	1.33994711e+10
2.65108360e-02	1.15255881e+02	1.33921845e+10
2.70665207e-02	1.17721816e+02	1.33847509e+10
2.76338529e-02	1.20241542e+02	1.33771675e+10
2.82130768e-02	1.22816273e+02	1.33694313e+10
2.88044415e-02	1.25447254e+02	1.33615393e+10
2.94082017e-02	1.28135760e+02	1.33534887e+10
3.00246171e-02	1.30883096e+02	1.33452763e+10
3.06539530e-02	1.33690597e+02	1.33368990e+10
3.12964801e-02	1.36559633e+02	1.33283537e+10
3.19524751e-02	1.39491605e+02	1.33196372e+10
3.26222201e-02	1.42487950e+02	1.33107461e+10
3.33060034e-02	1.45550138e+02	1.33016773e+10
3.40041193e-02	1.48679676e+02	1.32924273e+10
3.47168682e-02	1.51878107e+02	1.32829926e+10
3.54445567e-02	1.55147012e+02	1.32733699e+10
3.61874981e-02	1.58488012e+02	1.32635555e+10
3.69460121e-02	1.61902766e+02	1.32535458e+10
3.77204249e-02	1.65392975e+02	1.32433372e+10
3.85110700e-02	1.68960382e+02	1.32329259e+10
3.93182876e-02	1.72606773e+02	1.32223082e+10
4.01424249e-02	1.76333978e+02	1.32114802e+10
4.09838367e-02	1.80143873e+02	1.32004381e+10
4.18428851e-02	1.84038380e+02	1.31891778e+10
4.27199397e-02	1.88019470e+02	1.31776953e+10
4.36153779e-02	1.92089163e+02	1.31659865e+10
4.45295851e-02	1.96249531e+02	1.31540473e+10
4.54629547e-02	2.00502695e+02	1.31418734e+10
4.64158883e-02	2.04850832e+02	1.31294606e+10
4.73887961e-02	2.09296175e+02	1.31168045e+10
4.83820966e-02	2.13841010e+02	1.31039008e+10
4.93962174e-02	2.18487685e+02	1.30907448e+10
5.04315949e-02	2.23238605e+02	1.30773321e+10
5.14886745e-02	2.28096239e+02	1.30636581e+10
5.25679112e-02	2.33063116e+02	1.30497181e+10
5.36697695e-02	2.38141834e+02	1.30355074e+10
5.47947234e-02	2.43335054e+02	1.30210210e+10
5.59432571e-02	2.48645508e+02	1.30062543e+10
5.71158648e-02	2.54075998e+02	1.29912022e+10
5.83130511e-02	2.59629399e+02	1.29758597e+10
5.95353313e-02	2.65308660e+02	1.29602217e+10
6.07832313e-02	2.71116809e+02	1.29442832e+10
6.20572881e-02	2.77056949e+02	1.29280388e+10
6.33580499e-02	2.83132269e+02	1.29114833e+10
6.46860766e-02	2.89346038e+02	1.28946115e+10
6.60419396e-02	2.95701614e+02	1.28774177e+10
6.74262224e-02	3.02202441e+02	1.28598967e+10
6.88395207e-02	3.08852057e+02	1.28420428e+10
7.02824426e-02	3.15654092e+02	1.28238504e+10
7.17556092e-02	3.22612271e+02	1.28053140e+10
7.32596543e-02	3.29730423e+02	1.27864276e+10
7.47952252e-02	3.37012474e+02	1.27671856e+10
7.63629826e-02	3.44462460e+02	1.27475821e+10
7.79636013e-02	3.52084521e+02	1.27276111e+10
7.95977700e-02	3.59882912e+02	1.27072667e+10
8.12661920e-02	3.67862000e+02	1.26865428e+10
8.29695852e-02	3.76026273e+02	1.26654334e+10
8.47086827e-02	3.84380339e+02	1.26439322e+10
8.64842328e-02	3.92928931e+02	1.26220331e+10
8.82969996e-02	4.01676912e+02	1.25997298e+10
9.01477631e-02	4.10629277e+02	1.25770159e+10
9.20373200e-02	4.19791157e+02	1.25538851e+10
9.39664831e-02	4.29167826e+02	1.25303309e+10
9.59360829e-02	4.38764702e+02	1.25063470e+10
9.79469667e-02	4.48587350e+02	1.24819267e+10
1.00000000e-01	4.58641493e+02	1.24570635e+10
1.02096066e-01	4.68933008e+02	1.24317507e+10
1.04236067e-01	4.79467939e+02	1.24059818e+10
1.06420924e-01	4.90252495e+02	1.23797501e+10
1.08651577e-01	5.01293059e+02	1.23530487e+10
1.10928986e-01	5.12596192e+02	1.23258711e+10
1.13254132e-01	5.24168639e+02	1.22982104e+10
1.15628013e-01	5.36017333e+02	1.22700597e+10
1.18051653e-01	5.48149402e+02	1.22414123e+10
1.20526094e-01	5.60572175e+02	1.22122613e+10
1.23052400e-01	5.73293187e+02	1.21825999e+10
1.25631660e-01	5.86320186e+02	1.21524212e+10
1.28264983e-01	5.99661138e+02	1.21217182e+10
1.30953502e-01	6.13324236e+02	1.20904842e+10
1.33698374e-01	6.27317904e+02	1.20587122e+10
1.36500781e-01	6.41650806e+02	1.20263954e+10
1.39361927e-01	6.56331853e+02	1.19935268e+10
1.42283046e-01	6.71370209e+02	1.19600997e+10
1.45265393e-01	6.86775300e+02	1.19261071e+10
1.48310251e-01	7.02556822e+02	1.18915424e+10
1.51418933e-01	7.18724746e+02	1.18563987e+10
1.54592774e-01	7.35289332e+02	1.18206692e+10
1.57833141e-01	7.52261131e+02	1.17843474e+10
1.61141428e-01	7.69650998e+02	1.17474265e+10
1.64519059e-01	7.87470102e+02	1.17098999e+10
1.67967487e-01	8.05729930e+02	1.16717612e+10
1.71488197e-01	8.24442301e+02	1.16330039e+10
1.75082703e-01	8.43619376e+02	1.15936216e+10
1.78752553e-01	8.63273663e+02	1.15536080e+10
1.82499324e-01	8.83418036e+02	1.15129570e+10
1.86324631e-01	9.04065735e+02	1.14716623e+10
1.90230119e-01	9.25230386e+02	1.14297181e+10
1.94217468e-01	9.46926008e+02	1.13871185e+10
1.98288395e-01	9.69167024e+02	1.13438577e+10
2.02444651e-01	9.91968276e+02	1.12999301e+10
2.06688025e-01	1.01534503e+03	1.12553303e+10
2.11020343e-01	1.03931300e+03	1.12100530e+10
2.15443469e-01	1.06388836e+03	1.11640929e+10
2.19959307e-01	1.08908772e+03	1.11174452e+10
2.24569800e-01	1.11492822e+03	1.10701051e+10
2.29276931e-01	1.14142744e+03	1.10220679e+10
2.34082728e-01	1.16860352e+03	1.09733293e+10
2.38989257e-01	1.19647508e+03	1.09238851e+10
2.43998630e-01	1.22506131e+03	1.08737314e+10
2.49113003e-01	1.25438193e+03	1.08228645e+10
2.54334576e-01	1.28445723e+03	1.07712809e+10
2.59665597e-01	1.31530810e+03	1.07189775e+10
2.65108360e-01	1.34695601e+03	1.06659513e+10
2.70665207e-01	1.37942307e+03	1.06121997e+10
2.76338529e-01	1.41273200e+03	1.05577204e+10
2.82130768e-01	1.44690617e+03	1.05025113e+10
2.88044415e-01	1.48196963e+03	1.04465708e+10
2.94082017e-01	1.51794713e+03	1.03898976e+10
3.00246171e-01	1.55486408e+03	1.03324906e+10
3.06539530e-01	1.59274665e+03	1.02743491e+10
3.12964801e-01	1.63162174e+03	1.02154730e+10
3.19524751e-01	1.67151701e+03	1.01558623e+10
3.26222201e-01	1.71246089e+03	1.00955176e+10
3.33060034e-01	1.75448264e+03	1.00344398e+10
3.40041193e-01	1.79761231e+03	9.97263021e+09
3.47168682e-01	1.84188080e+03	9.91009073e+09
3.54445567e-01	1.88731988e+03	9.84682359e+09
3.61874981e-01	1.93396221e+03	9.78283151e+09
3.69460121e-01	1.98184133e+03	9.71811768e+09
3.77204249e-01	2.03099173e+03	9.65268580e+09
3.85110700e-01	2.08144884e+03	9.58654007e+09
3.93182876e-01	2.13324908e+03	9.51968518e+09
4.01424249e-01	2.18642984e+03	9.45212637e+09
4.09838367e-01	2.24102956e+03	9.38386940e+09
4.18428851e-01	2.29708769e+03	9.31492058e+09
4.27199397e-01	2.35464477e+03	9.24528679e+09
4.36153779e-01	2.41374242e+03	9.17497546e+09
4.45295851e-01	2.47442340e+03	9.10399459e+09
4.54629547e-01	2.53673157e+03	9.03235277e+09
4.64158883e-01	2.60071201e+03	8.96005919e+09
4.73887961e-01	2.66641093e+03	8.88712363e+09
4.83820966e-01	2.73387582e+03	8.81355648e+09
4.93962174e-01	2.80315537e+03	8.73936872e+09
5.04315949e-01	2.87429955e+03	8.66457197e+09
5.14886745e-01	2.94735965e+03	8.58917845e+09
5.25679112e-01	3.02238825e+03	8.51320101e+09
5.36697695e-01	3.09943930e+03	8.43665313e+09
5.47947234e-01	3.17856813e+03	8.35954890e+09
5.59432571e-01	3.25983148e+03	8.28190304e+09
5.71158648e-01	3.34328751e+03	8.20373089e+09
5.83130511e-01	3.42899584e+03	8.12504842e+09
5.95353313e-01	3.51701761e+03	8.04587221e+09
6.07832313e-01	3.60741545e+03	7.96621943e+09
6.20572881e-01	3.70025356e+03	7.88610790e+09
6.33580499e-01	3.79559770e+03	7.80555599e+09
6.46860766e-01	3.89351526e+03	7.72458270e+09
6.60419396e-01	3.99407525e+03	7.64320757e+09
6.74262224e-01	4.09734837e+03	7.56145073e+09
6.88395207e-01	4.20340701e+03	7.47933286e+09
7.02824426e-01	4.31232528e+03	7.39687517e+09
7.17556092e-01	4.42417908e+03	7.31409939e+09
7.32596543e-01	4.53904609e+03	7.23102777e+09
7.47952252e-01	4.65700584e+03	7.14768304e+09
7.63629826e-01	4.77813968e+03	7.06408838e+09
7.79636013e-01	4.90253092e+03	6.98026743e+09
7.95977700e-01	5.03026474e+03	6.89624425e+09
8.12661920e-01	5.16142833e+03	6.81204329e+09
8.29695852e-01	5.29611087e+03	6.72768936e+09
8.47086827e-01	5.43440357e+03	6.64320763e+09
8.64842328e-01	5.57639974e+03	6.55862357e+09
8.82969996e-01	5.72219478e+03	6.47396296e+09
9.01477631e-01	5.87188628e+03	6.38925180e+09
9.20373200e-01	6.02557398e+03	6.30451634e+09
9.39664831e-01	6.18335990e+03	6.21978301e+09
9.59360829e-01	6.34534832e+03	6.13507838e+09
9.79469667e-01	6.51164583e+03	6.05042917e+09
1.00000000e+00	6.68236141e+03	5.96586216e+09
1.02096066e+00	6.85760645e+03	5.88140422e+09
1.04236067e+00	7.03749479e+03	5.79708220e+09
1.06420924e+00	7.22214277e+03	5.71292293e+09
1.08651577e+00	7.41166932e+03	5.62895321e+09
1.10928986e+00	7.60619594e+03	5.54519971e+09
1.13254132e+00	7.80584683e+03	5.46168901e+09
1.15628013e+00	8.01074888e+03	5.37844748e+09
1.18051653e+00	8.22103176e+03	5.29550132e+09
1.20526094e+00	8.43682797e+03	5.21287646e+09
1.23052400e+00	8.65827290e+03	5.13059858e+09
1.25631660e+00	8.88550489e+03	5.04869302e+09
1.28264983e+00	9.11866529e+03	4.96718479e+09
1.30953502e+00	9.35789853e+03	4.88609853e+09
1.33698374e+00	9.60335220e+03	4.80545843e+09
1.36500781e+00	9.85517706e+03	4.72528828e+09
1.39361927e+00	1.01135272e+04	4.64561136e+09
1.42283046e+00	1.03785601e+04	4.56645045e+09
1.45265393e+00	1.06504365e+04	4.48782781e+09
1.48310251e+00	1.09293208e+04	4.40976512e+09
1.51418933e+00	1.12153810e+04	4.33228347e+09
1.54592774e+00	1.15087888e+04	4.25540337e+09
1.57833141e+00	1.18097193e+04	4.17914466e+09
1.61141428e+00	1.21183520e+04	4.10352653e+09
1.64519059e+00	1.24348699e+04	4.02856752e+09
1.67967487e+00	1.27594601e+04	3.95428544e+09
1.71488197e+00	1.30923140e+04	3.88069744e+09
1.75082703e+00	1.34336268e+04	3.80781989e+09
1.78752553e+00	1.37835985e+04	3.73566848e+09
1.82499324e+00	1.41424331e+04	3.66425811e+09
1.86324631e+00	1.45103393e+04	3.59360296e+09
1.90230119e+00	1.48875303e+04	3.52371641e+09
1.94217468e+00	1.52742240e+04	3.45461112e+09
1.98288395e+00	1.56706433e+04	3.38629895e+09
2.02444651e+00	1.60770157e+04	3.31879098e+09
2.06688025e+00	1.64935741e+04	3.25209754e+09
2.11020343e+00	1.69205562e+04	3.18622818e+09
2.15443469e+00	1.73582053e+04	3.12119166e+09
2.19959307e+00	1.78067699e+04	3.05699601e+09
2.24569800e+00	1.82665041e+04	2.99364847e+09
2.29276931e+00	1.87376674e+04	2.93115556e+09
2.34082728e+00	1.92205255e+04	2.86952301e+09
2.38989257e+00	1.97153497e+04	2.80875587e+09
2.43998630e+00	2.02224174e+04	2.74885843e+09
2.49113003e+00	2.07420121e+04	2.68983427e+09
2.54334576e+00	2.12744238e+04	2.63168629e+09
2.59665597e+00	2.18199487e+04	2.57441670e+09
2.65108360e+00	2.23788898e+04	2.51802702e+09
2.70665207e+00	2.29515568e+04	2.46251814e+09
2.76338529e+00	2.35382662e+04	2.40789031e+09
2.82130768e+00	2.41393416e+04	2.35414315e+09
2.88044415e+00	2.47551138e+04	2.30127567e+09
2.94082017e+00	2.53859209e+04	2.24928632e+09
3.00246171e+00	2.60321086e+04	2.19817297e+09
3.06539530e+00	2.66940303e+04	2.14793293e+09
3.12964801e+00	2.73720472e+04	2.09856301e+09
3.19524751e+00	2.80665284e+04	2.05005948e+09
3.26222201e+00	2.87778514e+04	2.00241814e+09
3.33060034e+00	2.95064020e+04	1.95563433e+09
3.40041193e+00	3.02525746e+04	1.90970293e+09
3.47168682e+00	3.10167721e+04	1.86461838e+09
3.54445567e+00	3.17994067e+04	1.82037473e+09
3.61874981e+00	3.26008994e+04	1.77696564e+09
3.69460121e+00	3.34216806e+04	1.73438438e+09
3.77204249e+00	3.42621905e+04	1.69262390e+09
3.85110700e+00	3.51228785e+04	1.65167681e+09
3.93182876e+00	3.60042044e+04	1.61153538e+09
4.01424249e+00	3.69066379e+04	1.57219164e+09
4.09838367e+00	3.78306590e+04	1.53363731e+09
4.18428851e+00	3.87767585e+04	1.49586387e+09
4.27199397e+00	3.97454377e+04	1.45886255e+09
4.36153779e+00	4.07372093e+04	1.42262438e+09
4.45295851e+00	4.17525969e+04	1.38714018e+09
4.54629547e+00	4.27921358e+04	1.35240057e+09
4.64158883e+00	4.38563730e+04	1.31839602e+09
4.73887961e+00	4.49458675e+04	1.28511684e+09
4.83820966e+00	4.60611905e+04	1.25255321e+09
4.93962174e+00	4.72029258e+04	1.22069517e+09
5.04315949e+00	4.83716699e+04	1.18953267e+09
5.14886745e+00	4.95680324e+04	1.15905554e+09
5.25679112e+00	5.07926360e+04	1.12925358e+09
5.36697695e+00	5.20461173e+04	1.10011646e+09
5.47947234e+00	5.33291266e+04	1.07163383e+09
5.59432571e+00	5.46423284e+04	1.04379531e+09
5.71158648e+00	5.59864017e+04	1.01659046e+09
5.83130511e+00	5.73620403e+04	9.90008820e+08
5.95353313e+00	5.87699529e+04	9.64039946e+08
6.07832313e+00	6.02108640e+04	9.38673374e+08
6.20572881e+00	6.16855133e+04	9.13898658e+08
6.33580499e+00	6.31946571e+04	8.89705370e+08
6.46860766e+00	6.47390677e+04	8.66083109e+08
6.60419396e+00	6.63195343e+04	8.43021513e+08
6.74262224e+00	6.79368633e+04	8.20510265e+08
6.88395207e+00	6.95918784e+04	7.98539097e+08
7.02824426e+00	7.12854211e+04	7.77097804e+08
7.17556092e+00	7.30183512e+04	7.56176246e+08
7.32596543e+00	7.47915472e+04	7.35764352e+08
7.47952252e+00	7.66059062e+04	7.15852134e+08
7.63629826e+00	7.84623451e+04	6.96429685e+08
7.79636013e+00	8.03618004e+04	6.77487186e+08
7.95977700e+00	8.23052287e+04	6.59014913e+08
8.12661920e+00	8.42936074e+04	6.41003238e+08
8.29695852e+00	8.63279348e+04	6.23442638e+08
8.47086827e+00	8.84092309e+04	6.06323694e+08
8.64842328e+00	9.05385375e+04	5.89637096e+08
8.82969996e+00	9.27169188e+04	5.73373646e+08
9.01477631e+00	9.49454620e+04	5.57524264e+08
9.20373200e+00	9.72252777e+04	5.42079986e+08
9.39664831e+00	9.95575002e+04	5.27031968e+08
9.59360829e+00	1.01943288e+05	5.12371489e+08
9.79469667e+00	1.04383826e+05	4.98089953e+08
1.00000000e+01	1.06880321e+05	4.84178889e+08
1.02096066e+01	1.09434011e+05	4.70629954e+08
1.04236067e+01	1.12046154e+05	4.57434932e+08
1.06420924e+01	1.14718042e+05	4.44585739e+08
1.08651577e+01	1.17450989e+05	4.32074419e+08
1.10928986e+01	1.20246339e+05	4.19893148e+08
1.13254132e+01	1.23105467e+05	4.08034234e+08
1.15628013e+01	1.26029775e+05	3.96490115e+08
1.18051653e+01	1.29020695e+05	3.85253361e+08
1.20526094e+01	1.32079690e+05	3.74316674e+08
1.23052400e+01	1.35208256e+05	3.63672890e+08
1.25631660e+01	1.38407918e+05	3.53314971e+08
1.28264983e+01	1.41680236e+05	3.43236014e+08
1.30953502e+01	1.45026802e+05	3.33429245e+08
1.33698374e+01	1.48449243e+05	3.23888019e+08
1.36500781e+01	1.51949220e+05	3.14605820e+08
1.39361927e+01	1.55528430e+05	3.05576262e+08
1.42283046e+01	1.59188605e+05	2.96793082e+08
1.45265393e+01	1.62931517e+05	2.88250147e+08
1.48310251e+01	1.66758972e+05	2.79941446e+08
1.51418933e+01	1.70672816e+05	2.71861093e+08
1.54592774e+01	1.74674937e+05	2.64003325e+08
1.57833141e+01	1.78767258e+05	2.56362500e+08
1.61141428e+01	1.82951748e+05	2.48933094e+08
1.64519059e+01	1.87230416e+05	2.41709703e+08
1.67967487e+01	1.91605312e+05	2.34687041e+08
1.71488197e+01	1.96078533e+05	2.27859936e+08
1.75082703e+01	2.00652218e+05	2.21223329e+08
1.78752553e+01	2.05328553e+05	2.14772276e+08
1.82499324e+01	2.10109771e+05	2.08501942e+08
1.86324631e+01	2.14998150e+05	2.02407601e+08
1.90230119e+01	2.19996020e+05	1.96484636e+08
1.94217468e+01	2.25105757e+05	1.90728534e+08
1.98288395e+01	2.30329791e+05	1.85134888e+08
2.02444651e+01	2.35670601e+05	1.79699392e+08
2.06688025e+01	2.41130720e+05	1.74417841e+08
2.11020343e+01	2.46712735e+05	1.69286132e+08
2.15443469e+01	2.52419287e+05	1.64300254e+08
2.19959307e+01	2.58253073e+05	1.59456296e+08
2.24569800e+01	2.64216850e+05	1.54750439e+08
2.29276931e+01	2.70313430e+05	1.50178958e+08
2.34082728e+01	2.76545687e+05	1.45738216e+08
2.38989257e+01	2.82916555e+05	1.41424666e+08
2.43998630e+01	2.89429032e+05	1.37234849e+08
2.49113003e+01	2.96086176e+05	1.33165391e+08
2.54334576e+01	3.02891115e+05	1.29213000e+08
2.59665597e+01	3.09847038e+05	1.25374468e+08
2.65108360e+01	3.16957207e+05	1.21646666e+08
2.70665207e+01	3.24224948e+05	1.18026546e+08
2.76338529e+01	3.31653662e+05	1.14511136e+08
2.82130768e+01	3.39246820e+05	1.11097537e+08
2.88044415e+01	3.47007966e+05	1.07782928e+08
2.94082017e+01	3.54940721e+05	1.04564557e+08
3.00246171e+01	3.63048781e+05	1.01439745e+08
3.06539530e+01	3.71335923e+05	9.84058821e+07
3.12964801e+01	3.79805999e+05	9.54604243e+07
3.19524751e+01	3.88462949e+05	9.26008954e+07
3.26222201e+01	3.97310792e+05	8.98248834e+07
3.33060034e+01	4.06353633e+05	8.71300395e+07
3.40041193e+01	4.15595666e+05	8.45140769e+07
3.47168682e+01	4.25041171e+05	8.19747691e+07
3.54445567e+01	4.34694520e+05	7.95099484e+07
3.61874981e+01	4.44560179e+05	7.71175051e+07
3.69460121e+01	4.54642705e+05	7.47953855e+07
3.77204249e+01	4.64946755e+05	7.25415909e+07
3.85110700e+01	4.75477082e+05	7.03541763e+07
3.93182876e+01	4.86238542e+05	6.82312489e+07
4.01424249e+01	4.97236091e+05	6.61709671e+07
4.09838367e+01	5.08474793e+05	6.41715391e+07
4.18428851e+01	5.19959816e+05	6.22312218e+07
4.27199397e+01	5.31696440e+05	6.03483195e+07
4.36153779e+01	5.43690055e+05	5.85211827e+07
4.45295851e+01	5.55946165e+05	5.67482071e+07
4.54629547e+01	5.68470391e+05	5.50278324e+07
4.64158883e+01	5.81268472e+05	5.33585412e+07
4.73887961e+01	5.94346270e+05	5.17388578e+07
4.83820966e+01	6.07709770e+05	5.01673475e+07
4.93962174e+01	6.21365083e+05	4.86426151e+07
5.04315949e+01	6.35318449e+05	4.71633042e+07
5.14886745e+01	6.49576240e+05	4.57280962e+07
5.25679112e+01	6.64144965e+05	4.43357091e+07
5.36697695e+01	6.79031266e+05	4.29848968e+07
5.47947234e+01	6.94241929e+05	4.16744479e+07
5.59432571e+01	7.09783882e+05	4.04031853e+07
5.71158648e+01	7.25664199e+05	3.91699647e+07
5.83130511e+01	7.41890103e+05	3.79736740e+07
5.95353313e+01	7.58468972e+05	3.68132327e+07
6.07832313e+01	7.75408336e+05	3.56875905e+07
6.20572881e+01	7.92715888e+05	3.45957270e+07
6.33580499e+01	8.10399479e+05	3.35366508e+07
6.46860766e+01	8.28467129e+05	3.25093986e+07
6.60419396e+01	8.46927026e+05	3.15130343e+07
6.74262224e+01	8.65787530e+05	3.05466488e+07
6.88395207e+01	8.85057180e+05	2.96093587e+07
7.02824426e+01	9.04744692e+05	2.87003060e+07
7.17556092e+01	9.24858967e+05	2.78186571e+07
7.32596543e+01	9.45409095e+05	2.69636024e+07
7.47952252e+01	9.66404355e+05	2.61343555e+07
7.63629826e+01	9.87854224e+05	2.53301527e+07
7.79636013e+01	1.00976838e+06	2.45502522e+07
7.95977700e+01	1.03215670e+06	2.37939336e+07
8.12661920e+01	1.05502927e+06	2.30604972e+07
8.29695852e+01	1.07839639e+06	2.23492638e+07
8.47086827e+01	1.10226859e+06	2.16595735e+07
8.64842328e+01	1.12665660e+06	2.09907859e+07
8.82969996e+01	1.15157138e+06	2.03422788e+07
9.01477631e+01	1.17702414e+06	1.97134483e+07
9.20373200e+01	1.20302630e+06	1.91037080e+07
9.39664831e+01	1.22958954e+06	1.85124887e+07
9.59360829e+01	1.25672579e+06	1.79392375e+07
9.79469667e+01	1.28444720e+06	1.73834180e+07
1.00000000e+02	1.31276620e+06	1.68445091e+07
1.02096066e+02	1.34169549e+06	1.63220052e+07
1.04236067e+02	1.37124802e+06	1.58154154e+07
1.06420924e+02	1.40143701e+06	1.53242632e+07
1.08651577e+02	1.43227598e+06	1.48480860e+07
1.10928986e+02	1.46377871e+06	1.43864350e+07
1.13254132e+02	1.49595928e+06	1.39388743e+07
1.15628013e+02	1.52883208e+06	1.35049810e+07
1.18051653e+02	1.56241178e+06	1.30843447e+07
1.20526094e+02	1.59671337e+06	1.26765669e+07
1.23052400e+02	1.63175215e+06	1.22812610e+07
1.25631660e+02	1.66754375e+06	1.18980517e+07
1.28264983e+02	1.70410413e+06	1.15265750e+07
1.30953502e+02	1.74144957e+06	1.11664774e+07
1.33698374e+02	1.77959670e+06	1.08174159e+07
1.36500781e+02	1.81856252e+06	1.04790579e+07
1.39361927e+02	1.85836435e+06	1.01510805e+07
1.42283046e+02	1.89901991e+06	9.83317019e+06
1.45265393e+02	1.94054726e+06	9.52502306e+06
1.48310251e+02	1.98296487e+06	9.22634409e+06
1.51418933e+02	2.02629157e+06	8.93684703e+06
1.54592774e+02	2.07054662e+06	8.65625417e+06
1.57833141e+02	2.11574965e+06	8.38429605e+06
1.61141428e+02	2.16192072e+06	8.12071125e+06
1.64519059e+02	2.20908030e+06	7.86524613e+06
1.67967487e+02	2.25724932e+06	7.61765460e+06
1.71488197e+02	2.30644911e+06	7.37769795e+06
1.75082703e+02	2.35670148e+06	7.14514457e+06
1.78752553e+02	2.40802867e+06	6.91976987e+06
1.82499324e+02	2.46045341e+06	6.70135561e+06
1.86324631e+02	2.51399890e+06	6.48969063e+06
1.90230119e+02	2.56868882e+06	6.28456971e+06
1.94217468e+02	2.62454736e+06	6.08579388e+06
1.98288395e+02	2.68159922e+06	5.89317013e+06
2.02444651e+02	2.73986959e+06	5.70651125e+06
2.06688025e+02	2.79938423e+06	5.52563562e+06
2.11020343e+02	2.86016940e+06	5.35036708e+06
2.15443469e+02	2.92225194e+06	5.18053477e+06
2.19959307e+02	2.98565925e+06	5.01597296e+06
2.24569800e+02	3.05041930e+06	4.85652089e+06
2.29276931e+02	3.11656063e+06	4.70202266e+06
2.34082728e+02	3.18411241e+06	4.55232703e+06
2.38989257e+02	3.25310441e+06	4.40728733e+06
2.43998630e+02	3.32356701e+06	4.26676131e+06
2.49113003e+02	3.39553126e+06	4.13061100e+06
2.54334576e+02	3.46902881e+06	3.99870260e+06
2.59665597e+02	3.54409203e+06	3.87090631e+06
2.65108360e+02	3.62075394e+06	3.74709630e+06
2.70665207e+02	3.69904825e+06	3.62715049e+06
2.76338529e+02	3.77900939e+06	3.51095053e+06
2.82130768e+02	3.86067250e+06	3.39838160e+06
2.88044415e+02	3.94407347e+06	3.28933238e+06
2.94082017e+02	4.02924893e+06	3.18369492e+06
3.00246171e+02	4.11623629e+06	3.08136451e+06
3.06539530e+02	4.20507372e+06	2.98223963e+06
3.12964801e+02	4.29580024e+06	2.88622183e+06
3.19524751e+02	4.38845562e+06	2.79321563e+06
3.26222201e+02	4.48308053e+06	2.70312846e+06
3.33060034e+02	4.57971645e+06	2.61587053e+06
3.40041193e+02	4.67840574e+06	2.53135481e+06
3.47168682e+02	4.77919166e+06	2.44949687e+06
3.54445567e+02	4.88211836e+06	2.37021487e+06
3.61874981e+02	4.98723092e+06	2.29342944e+06
3.69460121e+02	5.09457536e+06	2.21906363e+06
3.77204249e+02	5.20419869e+06	2.14704281e+06
3.85110700e+02	5.31614888e+06	2.07729464e+06
3.93182876e+02	5.43047491e+06	2.00974896e+06
4.01424249e+02	5.54722679e+06	1.94433776e+06
4.09838367e+02	5.66645556e+06	1.88099509e+06
4.18428851e+02	5.78821337e+06	1.81965699e+06
4.27199397e+02	5.91255342e+06	1.76026148e+06
4.36153779e+02	6.03953005e+06	1.70274844e+06
4.45295851e+02	6.16919874e+06	1.64705961e+06
4.54629547e+02	6.30161610e+06	1.59313846e+06
4.64158883e+02	6.43683996e+06	1.54093023e+06
4.73887961e+02	6.57492935e+06	1.49038181e+06
4.83820966e+02	6.71594454e+06	1.44144170e+06
4.93962174e+02	6.85994706e+06	1.39405998e+06
5.04315949e+02	7.00699972e+06	1.34818826e+06
5.14886745e+02	7.15716665e+06	1.30377962e+06
5.25679112e+02	7.31051333e+06	1.26078857e+06
5.36697695e+02	7.46710661e+06	1.21917103e+06
5.47947234e+02	7.62701473e+06	1.17888423e+06
5.59432571e+02	7.79030738e+06	1.13988674e+06
5.71158648e+02	7.95705567e+06	1.10213839e+06
5.83130511e+02	8.12733225e+06	1.06560022e+06
5.95353313e+02	8.30121125e+06	1.03023450e+06
6.07832313e+02	8.47876837e+06	9.96004610e+05
6.20572881e+02	8.66008089e+06	9.62875084e+05
6.33580499e+02	8.84522771e+06	9.30811530e+05
6.46860766e+02	9.03428938e+06	8.99780612e+05
6.60419396e+02	9.22734815e+06	8.69750016e+05
6.74262224e+02	9.42448796e+06	8.40688417e+05
6.88395207e+02	9.62579455e+06	8.12565454e+05
7.02824426e+02	9.83135541e+06	7.85352366e+05
7.17556092e+02	1.00412599e+07	7.59019460e+05
7.32596543e+02	1.02555992e+07	7.33539776e+05
7.47952252e+02	1.04744665e+07	7.08887090e+05
7.63629826e+02	1.06979568e+07	6.85031147e+05
7.79636013e+02	1.09261672e+07	6.61950330e+05
7.95977700e+02	1.11591968e+07	6.39623626e+05
8.12661920e+02	1.13971467e+07	6.18023157e+05
8.29695852e+02	1.16401203e+07	5.97126577e+05
8.47086827e+02	1.18882230e+07	5.76911782e+05
8.64842328e+02	1.21415624e+07	5.57357275e+05
8.82969996e+02	1.24002484e+07	5.38442200e+05
9.01477631e+02	1.26643933e+07	5.20146338e+05
9.20373200e+02	1.29341116e+07	5.02450088e+05
9.39664831e+02	1.32095203e+07	4.85334454e+05
9.59360829e+02	1.34907387e+07	4.68781024e+05
9.79469667e+02	1.37778888e+07	4.52771956e+05
1.00000000e+03	1.40710951e+07	4.37289957e+05
1.02096066e+03	1.43704844e+07	4.22318270e+05
1.04236067e+03	1.46761867e+07	4.07840656e+05
1.06420924e+03	1.49883343e+07	3.93841376e+05
1.08651577e+03	1.53070624e+07	3.80305182e+05
1.10928986e+03	1.56325091e+07	3.67217501e+05
1.13254132e+03	1.59648152e+07	3.54563600e+05
1.15628013e+03	1.63041247e+07	3.42329812e+05
1.18051653e+03	1.66505843e+07	3.30502693e+05
1.20526094e+03	1.70043442e+07	3.19069214e+05
1.23052400e+03	1.73655573e+07	3.08016752e+05
1.25631660e+03	1.77343800e+07	2.97333077e+05
1.28264983e+03	1.81109718e+07	2.87006339e+05
1.30953502e+03	1.84954957e+07	2.77025055e+05
1.33698374e+03	1.88881179e+07	2.67378102e+05
1.36500781e+03	1.92890083e+07	2.58054703e+05
1.39361927e+03	1.96983401e+07	2.49044415e+05
1.42283046e+03	2.01162905e+07	2.40337124e+05
1.45265393e+03	2.05430400e+07	2.31923029e+05
1.48310251e+03	2.09787732e+07	2.23792636e+05
1.51418933e+03	2.14236784e+07	2.15936743e+05
1.54592774e+03	2.18779478e+07	2.08346452e+05
1.57833141e+03	2.23417777e+07	2.01013129e+05
1.61141428e+03	2.28153686e+07	1.93928412e+05
1.64519059e+03	2.32989251e+07	1.87084206e+05
1.67967487e+03	2.37926559e+07	1.80472665e+05
1.71488197e+03	2.42967745e+07	1.74086193e+05
1.75082703e+03	2.48114984e+07	1.67917432e+05
1.78752553e+03	2.53370500e+07	1.61959256e+05
1.82499324e+03	2.58736563e+07	1.56204763e+05
1.86324631e+03	2.64215488e+07	1.50647267e+05
1.90230119e+03	2.69809642e+07	1.45280295e+05
1.94217468e+03	2.75521438e+07	1.40097578e+05
1.98288395e+03	2.81353344e+07	1.35093045e+05
2.02444651e+03	2.87307874e+07	1.30260817e+05
2.06688025e+03	2.93387600e+07	1.25595201e+05
2.11020343e+03	2.99595145e+07	1.21090685e+05
2.15443469e+03	3.05933187e+07	1.16741932e+05
2.19959307e+03	3.12404461e+07	1.12543774e+05
2.24569800e+03	3.19011758e+07	1.08491207e+05
2.29276931e+03	3.25757930e+07	1.04579389e+05
2.34082728e+03	3.32645885e+07	1.00803629e+05
2.38989257e+03	3.39678595e+07	9.71593873e+04
2.43998630e+03	3.46859092e+07	9.36422692e+04
2.49113003e+03	3.54190474e+07	9.02480205e+04
2.54334576e+03	3.61675902e+07	8.69725233e+04
2.59665597e+03	3.69318604e+07	8.38117916e+04
2.65108360e+03	3.77121875e+07	8.07619675e+04
2.70665207e+03	3.85089078e+07	7.78193172e+04
2.76338529e+03	3.93223650e+07	7.49802270e+04
2.82130768e+03	4.01529097e+07	7.22411997e+04
2.88044415e+03	4.10008998e+07	6.95988511e+04
2.94082017e+03	4.18667009e+07	6.70499062e+04
3.00246171e+03	4.27506862e+07	6.45911962e+04
3.06539530e+03	4.36532367e+07	6.22196549e+04
3.12964801e+03	4.45747412e+07	5.99323155e+04
3.19524751e+03	4.55155971e+07	5.77263079e+04
3.26222201e+03	4.64762096e+07	5.55988558e+04
3.33060034e+03	4.74569927e+07	5.35472719e+04
3.40041193e+03	4.84583690e+07	5.15689581e+04
3.47168682e+03	4.94807699e+07	4.96614009e+04
3.54445567e+03	5.05246360e+07	4.78221690e+04
3.61874981e+03	5.15904170e+07	4.60489108e+04
3.69460121e+03	5.26785720e+07	4.43393520e+04
3.77204249e+03	5.37895698e+07	4.26912933e+04
3.85110700e+03	5.49238890e+07	4.11026077e+04
3.93182876e+03	5.60820181e+07	3.95712384e+04
4.01424249e+03	5.72644560e+07	3.80951968e+04
4.09838367e+03	5.84717121e+07	3.66725599e+04
4.18428851e+03	5.97043063e+07	3.53014687e+04
4.27199397e+03	6.09627694e+07	3.39801258e+04
4.36153779e+03	6.22476435e+07	3.27067939e+04
4.45295851e+03	6.35594819e+07	3.14797934e+04
4.54629547e+03	6.48988495e+07	3.02975008e+04
4.64158883e+03	6.62663232e+07	2.91583470e+04
4.73887961e+03	6.76624917e+07	2.80608156e+04
4.83820966e+03	6.90879564e+07	2.70034360e+04
4.93962174e+03	7.05433310e+07	2.59848065e+04
5.04315949e+03	7.20292422e+07	2.50035440e+04
5.14886745e+03	7.35463298e+07	2.40583310e+04
5.25679112e+03	7.50952470e+07	2.31478817e+04
5.36697695e+03	7.66766607e+07	2.22709768e+04
5.47947234e+03	7.82912518e+07	2.14264167e+04
5.59432571e+03	7.99397155e+07	2.06130494e+04
5.71158648e+03	8.16227614e+07	1.98297623e+04
5.83130511e+03	8.33411141e+07	1.90754806e+04
5.95353313e+03	8.50955135e+07	1.83491663e+04
6.07832313e+03	8.68867147e+07	1.76498170e+04
6.20572881e+03	8.87154890e+07	1.69764646e+04
6.33580499e+03	9.05826236e+07	1.63281744e+04
6.46860766e+03	9.24889223e+07	1.57040437e+04
6.60419396e+03	9.44352056e+07	1.51032011e+04
6.74262224e+03	9.64223114e+07	1.45248054e+04
6.88395207e+03	9.84510952e+07	1.39680444e+04
7.02824426e+03	1.00522430e+08	1.34321340e+04
7.17556092e+03	1.02637208e+08	1.29163174e+04
7.32596543e+03	1.04796339e+08	1.24198644e+04
7.47952252e+03	1.07000752e+08	1.19420700e+04
7.63629826e+03	1.09251397e+08	1.14822540e+04
7.79636013e+03	1.11549242e+08	1.10397598e+04
7.95977700e+03	1.13895276e+08	1.06139540e+04
8.12661920e+03	1.16290509e+08	1.02042255e+04
8.29695852e+03	1.18735971e+08	9.80998471e+03
8.47086827e+03	1.21232717e+08	9.43066266e+03
8.64842328e+03	1.23781819e+08	9.06571066e+03
8.82969996e+03	1.26384376e+08	8.71459938e+03
9.01477631e+03	1.29041507e+08	8.37681828e+03
9.20373200e+03	1.31754356e+08	8.05187494e+03
9.39664831e+03	1.34524091e+08	7.73929517e+03
9.59360829e+03	1.37351903e+08	7.43861975e+03
9.79469667e+03	1.40239011e+08	7.14940769e+03
1.00000000e+04	1.43186655e+08	6.96516864e+03
