4078.5 0.0
4079.0 0.000883754731517523
4079.5 0.0009198951166378391
4080.0 0.0010148763918922223
4080.5 0.0010155477646491401
4081.0 0.0010162195249244143
4081.5 0.0010881996676882603
4082.0 0.001171899727290801
4082.5 0.0012673598133003357
4083.0 0.0013388740819569235
4083.5 0.0013755032887527755
4084.0 0.0014005156652341574
4084.5 0.0014489132815677674
4085.0 0.0014615504817794213
4085.5 0.0014508282436983553
4086.0 0.0014868724431589585
4086.5 0.0015237401599363474
4087.0 0.0016199955433826574
4087.5 0.0016327830651418403
4088.0 0.0016580910418004073
4088.5 0.001731154770940081
4089.0 0.0018277972422425625
4089.5 0.0019245659624745636
4090.0 0.0019258338913155093
4090.5 0.0019749467440116565
4091.0 0.0020476843170809675
4091.5 0.0020969532599014514
4092.0 0.00218244787358675
4092.5 0.002243674648811794
4093.0 0.002377385879693206
4093.5 0.002583726087028611
4094.0 0.002668992592928495
4094.5 0.0027914239594403613
4095.0 0.0028777199586552085
4095.5 0.002987811245210832
4096.0 0.003074327219598222
4096.5 0.0031728141238830587
4097.0 0.003247682071003002
4097.5 0.0033701317536962904
4098.0 0.003553712370219833
4098.5 0.0036526967504794377
4099.0 0.003812859870202658
4099.5 0.00402080944888698
4100.0 0.004205169743965741
4100.5 0.004389721987085952
4101.0 0.004549809122586812
4101.5 0.004722781651468969
4102.0 0.0049078779923592865
4102.5 0.0051170586254314235
4103.0 0.005314490908629909
4103.5 0.005597465398463912
4104.0 0.005855999439656
4104.5 0.0061275772009295425
4105.0 0.006472143007145313
4105.5 0.006744341816247826
4106.0 0.006980050187210381
4106.5 0.007288835959035186
4107.0 0.007598751559254125
4107.5 0.00796991005285629
4108.0 0.008303807237503194
4108.5 0.008765607322808303
4109.0 0.009155689905777172
4109.5 0.009530266048171032
4110.0 0.010001627765709791
4110.5 0.010449446449743145
4111.0 0.01092188340703391
4111.5 0.011467316571145336
4112.0 0.012126041735413519
4112.5 0.012809755048046009
4113.0 0.01346999105312731
4113.5 0.014211721083341868
4114.0 0.01517211980015824
4114.5 0.016052860948440016
4115.0 0.017039706014573622
4115.5 0.017938693054031094
4116.0 0.019040917835807778
4116.5 0.020006788818440736
4117.0 0.02112765132621931
4117.5 0.022338877884555314
4118.0 0.02361631790503872
4118.5 0.02504129047685027
4119.0 0.02654895491107536
4119.5 0.028034072103711907
4120.0 0.029512693118745652
4120.5 0.031090570747141166
4121.0 0.03283284582177543
4121.5 0.034650475090322104
4122.0 0.03643754908642271
4122.5 0.03838142059359929
4123.0 0.040368258905156905
4123.5 0.04265109292513573
4124.0 0.044716094532657395
4124.5 0.04706115989609872
4125.0 0.049653950846079854
4125.5 0.052388785717378206
4126.0 0.055069333904953915
4126.5 0.057761149308951376
4127.0 0.06064446245635274
4127.5 0.06361289468615151
4128.0 0.06678151424142822
4128.5 0.07015873777305826
4129.0 0.07353986131967225
4129.5 0.07715477338594746
4130.0 0.08076557858275019
4130.5 0.08461887544162909
4131.0 0.08869868629575525
4131.5 0.09261843494987293
4132.0 0.0968717287908345
4132.5 0.10145985247256041
4133.0 0.10588892551984815
4133.5 0.11048728566626245
4134.0 0.11550362263354236
4134.5 0.12060784852829783
4135.0 0.12596650263705964
4135.5 0.13157820273595733
4136.0 0.13711473293116416
4136.5 0.1424908091433869
4137.0 0.14787383238313467
4137.5 0.15359391626677552
4138.0 0.15948648214258523
4138.5 0.16538566995255502
4139.0 0.17154039551520014
4139.5 0.1782010477860935
4140.0 0.1847855191124029
4140.5 0.19137738714434174
4141.0 0.1980604174931887
4141.5 0.20500056044625892
4142.0 0.21178168060617175
4142.5 0.21890329597071742
4143.0 0.22586681100903938
4143.5 0.23317231120323895
4144.0 0.24056821977921392
4144.5 0.2484751695491064
4145.0 0.25672390052242744
4145.5 0.2646487636412522
4146.0 0.2729157974118526
4146.5 0.2811096308579275
4147.0 0.2893960518481887
4147.5 0.2975238926756794
4148.0 0.30582784633396703
4148.5 0.3143935997365943
4149.0 0.32280171095746085
4149.5 0.3314701788262799
4150.0 0.34006462589416153
4150.5 0.3491730185886691
4151.0 0.3579554964476865
4151.5 0.36716885863084914
4152.0 0.3761399224542355
4152.5 0.3852049431730622
4153.0 0.39394228672185516
4153.5 0.4025212986724146
4154.0 0.41212253674933325
4154.5 0.4217344704588135
4155.0 0.4307660142475802
4155.5 0.43989181395190413
4156.0 0.44902774122488204
4156.5 0.4579199113902201
4157.0 0.4669062901528536
4157.5 0.4760723623100474
4158.0 0.48490885554053254
4158.5 0.49367058123409535
4159.0 0.5021873500162037
4159.5 0.5106288695652282
4160.0 0.5197587323427585
4160.5 0.5280488315640409
4161.0 0.5366032060003741
4161.5 0.5456776129029949
4162.0 0.553398894840691
4162.5 0.5613842289750234
4163.0 0.5698898043187091
4163.5 0.5778929070939492
4164.0 0.5859897943588896
4164.5 0.5942675684721399
4165.0 0.6024673915867358
4165.5 0.6103354596697433
4166.0 0.6180397845110538
4166.5 0.6255819561068957
4167.0 0.633474564427609
4167.5 0.640689997821321
4168.0 0.6476560754427227
4168.5 0.65445783639421
4169.0 0.6618674429522994
4169.5 0.6682545920617877
4170.0 0.6749073509383896
4170.5 0.6812218198556098
4171.0 0.6870269273321588
4171.5 0.6929249209304547
4172.0 0.6986566632839988
4172.5 0.704566218717975
4173.0 0.7098789117386407
4173.5 0.7155429288576828
4174.0 0.7210391126609654
4174.5 0.7261960412504469
4175.0 0.730840017322328
4175.5 0.7356611876510076
4176.0 0.7404884240628943
4176.5 0.7453198434761753
4177.0 0.7492897711430654
4177.5 0.7531775480309878
4178.0 0.7576769316884309
4178.5 0.7625287160821771
4179.0 0.7666026398275786
4179.5 0.7711163656032498
4180.0 0.7752001384125273
4180.5 0.7785048456306802
4181.0 0.782161609225429
4181.5 0.7851256108137353
4182.0 0.7884407057220235
4182.5 0.7912364448375993
4183.0 0.7953427944006355
4183.5 0.798494545679373
4184.0 0.8008630529854911
4184.5 0.8031459466945708
4185.0 0.8058683003911975
4185.5 0.8092069717385775
4186.0 0.8106220194493411
4186.5 0.8123018493740276
4187.0 0.814420445761499
4187.5 0.8161908853663569
4188.0 0.8178755897501855
4188.5 0.8198249685506185
4189.0 0.8211611138889854
4189.5 0.8223224032707238
4190.0 0.8239242512401718
4190.5 0.8255290490131098
4191.0 0.8259938416625358
4191.5 0.8268137803553041
4192.0 0.8273709101534836
4192.5 0.8286358288811956
4193.0 0.8291960161950063
4193.5 0.8295810120657217
4194.0 0.8306723791672024
4194.5 0.831145104124429
4195.0 0.8315278472965536
4195.5 0.8324405036788803
4196.0 0.8326436434724473
4196.5 0.8324893258282838
4197.0 0.8333068995469228
4197.5 0.8328795292031247
4198.0 0.8324472606517196
4198.5 0.8321873578483022
4199.0 0.8319208113522958
4199.5 0.8312047287906912
4200.0 0.8315487402596888
4200.5 0.831440619292559
4201.0 0.8317720032398769
4201.5 0.831474273696395
4202.0 0.8318834342599241
4202.5 0.8314854768669963
4203.0 0.8313510860843591
4203.5 0.830319479631801
4204.0 0.8302660466089413
4204.5 0.8302995975905104
4205.0 0.8298830930377833
4205.5 0.8299122784520684
4206.0 0.8300281962830711
4206.5 0.8296078862072257
4207.0 0.8294541995288549
4207.5 0.8301970624157758
4208.0 0.8304030685206825
4208.5 0.8303416739443571
4209.0 0.8301022908776075
4209.5 0.8301347691010545
4210.0 0.82954034929392
4210.5 0.8296660500259868
4211.0 0.8297022872044922
4211.5 0.8300974136704141
4212.0 0.8305823091160432
4212.5 0.8305280053272394
4213.0 0.8306537140667296
4213.5 0.8315893597320373
4214.0 0.8320761226901944
4214.5 0.8328323999816379
4215.0 0.8340411246869817
4215.5 0.8340768529638727
4216.0 0.8344738692454411
4216.5 0.8346002045829412
4217.0 0.835539079138255
4217.5 0.8361174865476174
4218.0 0.8366961181957722
4218.5 0.8374561508495902
4219.0 0.8377628621873257
4219.5 0.8381606726700157
4220.0 0.8378336704911132
4220.5 0.8391377964894724
4221.0 0.8402611462194807
4221.5 0.8401152167180156
4222.0 0.8407853707261892
4222.5 0.8416376951953078
4223.0 0.8416721485990225
4223.5 0.842434530366697
4224.0 0.8431057702144098
4224.5 0.8443240373148219
4225.0 0.8449962601683394
4225.5 0.8456688694689483
4226.0 0.8467068472361814
4226.5 0.8472896646939523
4227.0 0.8481463156456478
4227.5 0.8495508176322125
4228.0 0.8509574766711868
4228.5 0.850902993921052
4229.0 0.851670326510207
4229.5 0.8530795697922683
4230.0 0.8538484294972563
4230.5 0.8550765593888057
4231.0 0.8567625849096314
4231.5 0.8581764134270644
4232.0 0.8595904208045506
4232.5 0.8607306878056693
4233.0 0.86168916275326
4233.5 0.8632900833275566
4234.0 0.8644331454674073
4234.5 0.8655770736630668
4235.0 0.8671824670921048
4235.5 0.8684198737094608
4236.0 0.8697508112983211
4236.5 0.8714513528994157
4237.0 0.8727844441129528
4237.5 0.8738422939027249
4238.0 0.8754535327447851
4238.5 0.8770659822207748
4239.0 0.8773884672884922
4239.5 0.8784482105898493
4240.0 0.8792327492934007
4240.5 0.8803866863307065
4241.0 0.8825588873709513
4241.5 0.8832524297449498
4242.0 0.8842237145427292
4242.5 0.8851966315047846
4243.0 0.8859837219911335
4243.5 0.8867722814833722
4244.0 0.8884883557968044
4244.5 0.8889992213675292
4245.0 0.8902534499981664
4245.5 0.8911368413039298
4246.0 0.8919273128232612
4246.5 0.8923471865286416
4247.0 0.8941617170485731
4247.5 0.8951412177757717
4248.0 0.8963066942570669
4248.5 0.8976594322262669
4249.0 0.8982682738413778
4249.5 0.8999948837100085
4250.0 0.900978277864165
4250.5 0.9020542013252022
4251.0 0.9028521448392127
4251.5 0.9041173871641798
4252.0 0.9047284925826007
4252.5 0.9064625385632119
4253.0 0.9076363829392091
4253.5 0.9092787643070716
4254.0 0.9103613566158255
4254.5 0.9115379308757314
4255.0 0.9123412979481959
4255.5 0.9132384754266568
4256.0 0.9143239700406005
4256.5 0.9150346231881326
4257.0 0.9155578046714343
4257.5 0.9157062942910031
4258.0 0.9167004999777553
4258.5 0.9178825357406707
4259.0 0.9192536961881388
4259.5 0.9201555798129636
4260.0 0.9213402036015329
4260.5 0.9217727099003497
4261.0 0.9221116591177503
4261.5 0.9228270911418522
4262.0 0.9237317752300482
4262.5 0.9245421457597767
4263.0 0.9255430434031451
4263.5 0.9257884577494864
4264.0 0.9265061759829939
4264.5 0.9268468934503519
4265.0 0.9274711108245484
4265.5 0.9282839968000371
4266.0 0.9294763307408749
4266.5 0.9301017726206339
4267.0 0.9305378125899496
4267.5 0.9308795691712369
4268.0 0.9314101108865229
4268.5 0.932605047644132
4269.0 0.9334217260562863
4269.5 0.9334783373318255
4270.0 0.9342008358170081
4270.5 0.9346376462056719
4271.0 0.9349787487965435
4271.5 0.9365573043640827
4272.0 0.9370894109251826
4272.5 0.9374320463865472
4273.0 0.9374880285413679
4273.5 0.9381162022817399
4274.0 0.9386497072833654
4274.5 0.938991358410975
4275.0 0.9393340815953423
4275.5 0.9398669840007062
4276.0 0.9400186271387809
4276.5 0.9402653209443049
4277.0 0.9407034599743159
4277.5 0.9418116461324705
4278.0 0.9424421186358823
4278.5 0.9428812735194085
4279.0 0.943128857612654
4279.5 0.943089194524669
4280.0 0.9436242512800578
4280.5 0.9443527817210082
4281.0 0.9446964478978388
4281.5 0.9452335592524469
4282.0 0.9451939553997211
4282.5 0.9456346683756627
4283.0 0.946267050852766
4283.5 0.9472860763605455
4284.0 0.948304766066942
4284.5 0.9493252150309616
4285.0 0.9499595444036301
4285.5 0.9502103662356071
4286.0 0.95084515614885
4286.5 0.951578408051747
4287.0 0.9526003210390173
4287.5 0.9534306015814196
4288.0 0.9540668564600491
4288.5 0.9551876767271718
4289.0 0.9564054681276458
4289.5 0.9568503333282296
4290.0 0.9582630916790081
4290.5 0.9599681606875099
4291.0 0.9609951163272249
4291.5 0.961053526057135
4292.0 0.961306887087405
4292.5 0.9609764229425636
4293.0 0.9611316821830268
4293.5 0.9614811930705954
4294.0 0.9613439377146453
4294.5 0.9621792125456479
4295.0 0.9626255935467155
4295.5 0.9620992848666436
4296.0 0.962740298896
4296.5 0.9626997993988975
4297.0 0.9633410800558259
4297.5 0.9639815859483294
4298.0 0.9643311457205956
4298.5 0.96419297239522
4299.0 0.9646395175220918
4299.5 0.9650861738855895
4300.0 0.9653373550279036
4300.5 0.9656857828920447
4301.0 0.9666215562331647
4301.5 0.9673631234619734
4302.0 0.9681040177028649
4302.5 0.9678661786297661
4303.0 0.9686074017521704
4303.5 0.9699376720243646
4304.0 0.9711701750965639
4304.5 0.9719130391145715
4305.0 0.9728527689057991
4305.5 0.9738918779600076
4306.0 0.9746360754641696
4306.5 0.9753806336611625
4307.0 0.9766171508889998
4307.5 0.9782483681670602
4308.0 0.9801757693265506
4308.5 0.981710346910988
4309.0 0.9833451394364872
4309.5 0.9841929222557789
4310.0 0.9853366911918834
4310.5 0.9871707209086114
4311.0 0.9878226771751517
4311.5 0.9891661447575341
4312.0 0.989917161267573
4312.5 0.9915583021977464
4313.0 0.9923103706925017
4313.5 0.9938538528085142
4314.0 0.9950032475803943
4314.5 0.9960537312897164
4315.0 0.9966107286172713
4315.5 0.9969684671261969
4316.0 0.9970301531971515
4316.5 0.9976863092564353
4317.0 0.9980442750178171
4317.5 0.9990985722805017
4318.0 0.9985638590195279
4318.5 0.9988231719122247
4319.0 0.9995796042815409
4319.5 0.9998392880641013
4320.0 1.0
4320.5 0.9994636492826466
4321.0 0.9988274645714621
4321.5 0.9980902098740273
4322.0 0.996853650662289
4322.5 0.9959147218681262
4323.0 0.9952749173778914
4323.5 0.9942345715029153
4324.0 0.992893648625572
4324.5 0.9917502060064012
4325.0 0.9906065561290687
4325.5 0.9893609343035316
4326.0 0.9888144849798033
4326.5 0.9866661285125063
4327.0 0.9848157291105879
4327.5 0.9822617917767965
4328.0 0.9797052118433709
4328.5 0.9782486403247255
4329.0 0.9763897657908154
4329.5 0.9748297657914132
4330.0 0.9723637885879017
4330.5 0.9700963947542014
4331.0 0.9671239409872486
4331.5 0.964448837845089
4332.0 0.9621749620246866
4332.5 0.9587898159317813
4333.0 0.955503752053449
4333.5 0.9522133017506124
4334.0 0.9487177680300541
4334.5 0.9458244282964405
4335.0 0.942928168037122
4335.5 0.9397253232735802
4336.0 0.9361160502140977
4336.5 0.9313924424407778
4337.0 0.9275731670410101
4337.5 0.9223352412082034
4338.0 0.9185077987679752
4338.5 0.9141705759716515
4339.0 0.9099310404912532
4339.5 0.9055854082765831
4340.0 0.9006279358080693
4340.5 0.8960705314508718
4341.0 0.8905964034832402
4341.5 0.885320159002856
4342.0 0.880545333468698
4342.5 0.8752591158464292
4343.0 0.869153961021301
4343.5 0.8638572019876566
4344.0 0.857639512440196
4344.5 0.8518222896937365
4345.0 0.8452877989565756
4345.5 0.8393578068522933
4346.0 0.833626231338123
4346.5 0.8274821377532784
4347.0 0.8209238600885429
4347.5 0.8139508458952107
4348.0 0.8067669325831462
4348.5 0.7994746458712539
4349.0 0.7924818867165243
4349.5 0.7852790795486102
4350.0 0.7774553038249843
4350.5 0.7699310327904074
4351.0 0.762399821394063
4351.5 0.754452681640157
4352.0 0.7468053314682507
4352.5 0.7389456547894311
4353.0 0.7308733510610343
4353.5 0.722178406865771
4354.0 0.7132698617655112
4354.5 0.7041474160235334
4355.0 0.6954278673681934
4355.5 0.6871106365262581
4356.0 0.6782714661235362
4356.5 0.6694251512465028
4357.0 0.6604669518440168
4357.5 0.6515003590783691
4358.0 0.6424216643885199
4358.5 0.6327176421842451
4359.0 0.6227969531095157
4359.5 0.6129708105290297
4360.0 0.6032382156799568
4360.5 0.5942195031082972
4361.0 0.5847786972008627
4361.5 0.5751232933489192
4362.0 0.565664783264582
4362.5 0.5559915043073445
4363.0 0.5457918160665184
4363.5 0.5356857728114122
4364.0 0.5262945530197177
4364.5 0.5164819600241094
4365.0 0.5066591880786894
4365.5 0.4962054976998571
4366.0 0.48657212899349406
4366.5 0.4771366358161412
4367.0 0.4673822603696226
4367.5 0.45782585824202154
4368.0 0.4485734881523855
4368.5 0.4383761640624135
4369.0 0.4283778575824189
4369.5 0.418786135654696
4370.0 0.4085612494052487
4370.5 0.3988480017162792
4371.0 0.38933459432282563
4371.5 0.37970752640417904
4372.0 0.3699677859775184
4372.5 0.36063712751448346
4373.0 0.35108885231562265
4373.5 0.34194906440602785
4374.0 0.33248757455628525
4374.5 0.32291331828852415
4375.0 0.3138533948822931
4375.5 0.304889388237721
4376.0 0.29570866980836286
4376.5 0.28714650758735244
4377.0 0.2786831495941933
4377.5 0.2703152930919169
4378.0 0.26215095898704516
4378.5 0.25397800338153936
4379.0 0.24600779268381692
4379.5 0.23792570408969932
4380.0 0.2300466378183204
4380.5 0.22236972529295634
4381.0 0.2147916747931867
4381.5 0.20741625368138883
4382.0 0.20003525678844727
4382.5 0.1931741802217725
4383.0 0.18630570059924237
4383.5 0.17932600750196298
4384.0 0.17244613327397
4384.5 0.16598139322755615
4385.0 0.15951078247703518
4385.5 0.15324575986354008
4386.0 0.14739816476530965
4386.5 0.14165051419638644
4387.0 0.13579236081436832
4387.5 0.13024492689744452
4388.0 0.1248001757861485
4388.5 0.1197722428333085
4389.0 0.11495304617850366
4389.5 0.11002303068062973
4390.0 0.10533243291201681
4390.5 0.1006907127205831
4391.0 0.09631037622163638
4391.5 0.09228700694394637
4392.0 0.08831327850475232
4392.5 0.08422968863115447
4393.0 0.08061018529751696
4393.5 0.07697678692762329
4394.0 0.07340398095787665
4394.5 0.07013659454082413
4395.0 0.06691944242126889
4395.5 0.06392305716632467
4396.0 0.06112650287241283
4396.5 0.05807138847293372
4397.0 0.05521611320540589
4397.5 0.052763851704839215
4398.0 0.05033066563985737
4398.5 0.048087516501731514
4399.0 0.04572469917899454
4399.5 0.043605641513755414
4400.0 0.04157017051608056
4400.5 0.039639840857302044
4401.0 0.037686395126958504
4401.5 0.03593466051100365
4402.0 0.03414908904511289
4402.5 0.032490740334143904
4403.0 0.031002517709962204
4403.5 0.02949150031684757
4404.0 0.028011475319508056
4404.5 0.026766385106701557
4405.0 0.025530928597390475
4405.5 0.024305245977589842
4406.0 0.023121597867520795
4406.5 0.022044549247995596
4407.0 0.021117220489764207
4407.5 0.02005989366609267
4408.0 0.019120262330937467
4408.5 0.018319934583870243
4409.0 0.017465053829225887
4409.5 0.016706596832765416
4410.0 0.015882719327472084
4410.5 0.01513374946429877
4411.0 0.014502893667750634
4411.5 0.013882383942512871
4412.0 0.013304514956734351
4412.5 0.012758693238978732
4413.0 0.012233952571447507
4413.5 0.011741330282229843
4414.0 0.011237420397048399
4414.5 0.010791576470977313
4415.0 0.010299835572806018
4415.5 0.00990741961096871
4416.0 0.009498406590534221
4416.5 0.009038045693641798
4417.0 0.008678241673657678
4417.5 0.00826711205194625
4418.0 0.008005521587909185
4418.5 0.007727409436473439
4419.0 0.0073490548836235205
4419.5 0.007069347641992949
4420.0 0.006756762690801018
4420.5 0.006493980585428146
4421.0 0.006247323370432243
4421.5 0.006000446595585154
4422.0 0.005803502917268986
4422.5 0.005556231839647096
4423.0 0.0054254796091234144
4423.5 0.005211665091091177
4424.0 0.00506428244932413
4424.5 0.004849049534173309
4425.0 0.004701378840211112
4425.5 0.004519704832871308
4426.0 0.004355369762600972
4426.5 0.004189807930067274
4427.0 0.004074445137878604
4427.5 0.0039425628084199015
4428.0 0.00381058208076
4428.5 0.0036445031254431436
4429.0 0.0035462654404995117
4429.5 0.003446841650439198
4430.0 0.0032979639048476388
4430.5 0.0031654377091449204
4431.0 0.003032788846305361
4431.5 0.002932984109266903
4432.0 0.002816611621779704
4432.5 0.0027507219080746873
4433.0 0.002601179960100282
4433.5 0.002551649720055707
4434.0 0.002503173740011514
4434.5 0.0024194150126391955
4435.0 0.002320157674752558
4435.5 0.0022197321193809932
4436.0 0.0021533865562683983
4436.5 0.0020869974556410494
4437.0 0.0019697835539920624
4437.5 0.0018867024636762153
4438.0 0.0019040507111647456
4438.5 0.001888266002846552
4439.0 0.0018050340453259815
4439.5 0.0017549189212679433
4440.0 0.0017390511268158334
4440.5 0.001654550358673883
4441.0 0.0016386266657491574
4441.5 0.0015551281709265312
4442.0 0.0014881694468790554
4442.5 0.0014034229366043983
4443.0 0.0014040022368838542
4443.5 0.0013546555572774017
4444.0 0.0013374604899269167
4444.5 0.001288044918827309
4445.0 0.001288576147236713
4445.5 0.0012713316108289828
4446.0 0.0012218267591578749
4446.5 0.0
