4456.0 0.0
4456.5 0.0011240106605308108
4457.0 0.001200151937783052
4457.5 0.0012301476698435144
4458.0 0.0013506741432712248
4458.5 0.0013669844656192878
4459.0 0.0014423702240375779
4459.5 0.0015779066773835353
4460.0 0.001609099193341168
4460.5 0.0016245488729033225
4461.0 0.0017159486328576692
4461.5 0.0017462528814095645
4462.0 0.0018821916735069172
4462.5 0.001943193322602712
4463.0 0.002064507110159771
4463.5 0.002186904100563862
4464.0 0.002323246199877568
4464.5 0.002414198390698742
4465.0 0.0025814238042878063
4465.5 0.0027339277712980013
4466.0 0.0028251593063919867
4466.5 0.0029471818285027552
4467.0 0.003130751661503009
4467.5 0.003222256889957491
4468.0 0.00339021285852881
4468.5 0.0036039574513777525
4469.0 0.0038168777274678782
4469.5 0.004030971784133416
4470.0 0.004289937637159738
4470.5 0.004534217530573787
4471.0 0.004763771350828089
4471.5 0.005024355598695149
4472.0 0.005223463041254917
4472.5 0.005453579306267867
4473.0 0.005698833374685122
4473.5 0.006035943792921385
4474.0 0.00638829192161559
4474.5 0.006785789787365741
4475.0 0.007062908723655096
4475.5 0.007416096687438657
4476.0 0.007830481935912655
4476.5 0.008214246492002367
4477.0 0.008553348026237395
4477.5 0.008953709933255375
4478.0 0.00938439946387736
4478.5 0.009846449743452605
4479.0 0.010318885356849081
4479.5 0.010873812573010747
4480.0 0.011509370791931536
4480.5 0.012155358914625538
4481.0 0.012822055783372763
4481.5 0.013509266968983292
4482.0 0.014096706139010961
4482.5 0.014815087372622195
4483.0 0.015554268840380863
4483.5 0.01638428685810321
4484.0 0.017315588024871077
4484.5 0.01820738891442717
4485.0 0.019240770852832694
4485.5 0.020315286670988874
4486.0 0.021330214447908245
4486.5 0.022577562042882558
4487.0 0.023815894708827116
4487.5 0.02505512451872989
4488.0 0.026275284868335903
4488.5 0.027536827693545544
4489.0 0.02890030377191025
4489.5 0.030325412806062175
4490.0 0.03199399120696242
4490.5 0.03367420190169289
4491.0 0.035568313232944966
4491.5 0.037433748784316434
4492.0 0.03925031374821426
4492.5 0.041412662466136646
4493.0 0.04344521488501433
4493.5 0.045499924597725575
4494.0 0.047839978479511144
4494.5 0.050121293192838236
4495.0 0.0527693877315245
4495.5 0.05540943759201063
4496.0 0.05831543549355423
4496.5 0.061355511974311286
4497.0 0.06442812809195382
4497.5 0.06797018258028356
4498.0 0.07131122031271009
4498.5 0.07477611259392188
4499.0 0.07826318876892072
4499.5 0.08212852130808657
4500.0 0.08630089180880174
4500.5 0.09046492981335581
4501.0 0.09477313107914469
4501.5 0.09954158047334526
4502.0 0.10418952860731114
4502.5 0.10911458282233037
4503.0 0.11404130048425479
4503.5 0.1192768926547325
4504.0 0.12461504468369579
4504.5 0.1302624973779247
4505.0 0.13601508853021077
4505.5 0.14156453585591297
4506.0 0.14773010605416503
4506.5 0.15410316509214075
4507.0 0.16078577111903317
4507.5 0.16757472689559655
4508.0 0.17416148149804614
4508.5 0.18075314250728444
4509.0 0.18796230481328488
4509.5 0.19527798455342496
4510.0 0.2029066610802753
4510.5 0.21064202676581678
4511.0 0.21827845295545606
4511.5 0.2261252492992662
4512.0 0.23407830591067297
4512.5 0.24223977345312314
4513.0 0.2510215579690489
4513.5 0.25991131713323085
4514.0 0.2688047454876497
4514.5 0.27801174260264755
4515.0 0.28660711599604216
4515.5 0.295720531399482
4516.0 0.30535241215650405
4516.5 0.3148872132630734
4517.0 0.3243237339816428
4517.5 0.3341769830704254
4518.0 0.34383083284684157
4518.5 0.35348879561675645
4519.0 0.3634604075882023
4519.5 0.3739530882391748
4520.0 0.3845528379052319
4520.5 0.3948508435349255
4521.0 0.40525700986168567
4521.5 0.4155662895618985
4522.0 0.4256737494805332
4522.5 0.4360968326840414
4523.0 0.44714486356852245
4523.5 0.45757945344519063
4524.0 0.46812241048379305
4524.5 0.47867220945610467
4525.0 0.489433237252086
4525.5 0.4997866639189384
4526.0 0.5104563800324762
4526.5 0.5215454756068626
4527.0 0.5321227732947515
4527.5 0.5419831701500102
4528.0 0.5519517569558793
4528.5 0.561821561846128
4529.0 0.5714906351577433
4529.5 0.5810606769552921
4530.0 0.5915676551875858
4530.5 0.6011491780236558
4531.0 0.6106315451754929
4531.5 0.6203263140676678
4532.0 0.6288858769943525
4532.5 0.6382799377195288
4533.0 0.6472638728391114
4533.5 0.6560449558801235
4534.0 0.664727421377483
4534.5 0.6726880345245568
4535.0 0.6813783633132536
4535.5 0.6898666013770275
4536.0 0.6981525865799689
4536.5 0.7056111913824247
4537.0 0.7136966060101974
4537.5 0.7211632822647005
4538.0 0.7284258077780342
4538.5 0.7360050086047097
4539.0 0.7426506630739352
4539.5 0.7489891355873181
4540.0 0.7562667843883303
4540.5 0.7628205992196754
4541.0 0.7689597746587243
4541.5 0.7754154583448284
4542.0 0.7814585185906381
4542.5 0.7866702539096645
4543.0 0.7921971349365775
4543.5 0.7974155160299148
4544.0 0.8026354831111854
4544.5 0.8083797226507905
4545.0 0.8131886599419327
4545.5 0.8179989906887251
4546.0 0.8222910529598405
4546.5 0.826062152761885
4547.0 0.8308808789551214
4547.5 0.8350746474952688
4548.0 0.8388533433548109
4548.5 0.8425288653778369
4549.0 0.8462063876287309
4549.5 0.8493629801075686
4550.0 0.8521035356472217
4550.5 0.8562057917560033
4551.0 0.85894866662191
4551.5 0.861903856984704
4552.0 0.8647552666701663
4552.5 0.8675027950676615
4553.0 0.8697290290630354
4553.5 0.8724805316944771
4554.0 0.8753378803884568
4554.5 0.8780911709418786
4555.0 0.8797980361388904
4555.5 0.8824494146215862
4556.0 0.8845773472256928
4556.5 0.8866017920452823
4557.0 0.8885214982552372
4557.5 0.8902329296228945
4558.0 0.8922601027724051
4558.5 0.8940777604929536
4559.0 0.8956857146160452
4559.5 0.8971896230535099
4560.0 0.8983776339399167
4560.5 0.8999885186614349
4561.0 0.9014929862759331
4561.5 0.9025788390178348
4562.0 0.9028217941120058
4562.5 0.9034853231909684
4563.0 0.9041502042289937
4563.5 0.9047092220414135
4564.0 0.9052684051900185
4564.5 0.9060388740834362
4565.0 0.9070208101852528
4565.5 0.90800317244656
4566.0 0.907930730225688
4566.5 0.9083847780875026
4567.0 0.909368061962708
4567.5 0.9107747170593964
4568.0 0.9118642454487541
4568.5 0.9125311991632047
4569.0 0.9128827934797897
4569.5 0.9135503462488942
4570.0 0.9144311492814963
4570.5 0.9152059468887431
4571.0 0.9170392194185135
4571.5 0.9178150820055416
4572.0 0.9194380130692159
4572.5 0.9203202858118724
4573.0 0.920992063833439
4573.5 0.9218751171472819
4574.0 0.9240317182573059
4574.5 0.9253404168768325
4575.0 0.9267553094804265
4575.5 0.9272169884838585
4576.0 0.92810249471731
4576.5 0.9295201420280652
4577.0 0.9311498109465363
4577.5 0.9326745224019966
4578.0 0.9348367051055735
4578.5 0.9364687358570396
4579.0 0.9368260960571846
4579.5 0.9382475898135304
4580.0 0.9392439380378025
4580.5 0.9409841769929869
4581.0 0.9426192787149806
4581.5 0.9443622122082759
4582.0 0.9455737591066721
4582.5 0.9469978155621518
4583.0 0.9477840169471805
4583.5 0.9494224540201639
4584.0 0.9506361557419418
4584.5 0.9519565127530433
4585.0 0.9530640310803826
4585.5 0.9540658822628794
4586.0 0.9545348667244191
4586.5 0.9559635565400331
4587.0 0.9576066176264226
4587.5 0.9586104671182479
4588.0 0.9592946995143853
4588.5 0.9598717440347185
4589.0 0.9603426909860415
4589.5 0.9618813285189433
4590.0 0.9625670300131004
4590.5 0.9631457012306338
4591.0 0.9647945948373584
4591.5 0.9655891082002216
4592.0 0.966598542037063
4592.5 0.9672878037285397
4593.0 0.967441013125889
4593.5 0.968987454532574
4594.0 0.9699990185187201
4594.5 0.9699394267608032
4595.0 0.9705221509755774
4595.5 0.9713194900430959
4596.0 0.9721168195990124
4596.5 0.9731288225504597
4597.0 0.9732814510326225
4597.5 0.9728980165915232
4598.0 0.9729423053095414
4598.5 0.9734157489083872
4599.0 0.9733514413333987
4599.5 0.9736081438612062
4600.0 0.9735416946841513
4600.5 0.9735810581876168
4601.0 0.9737263762919283
4601.5 0.9735494971626265
4602.0 0.9738011876335747
4602.5 0.9744818654372275
4603.0 0.9745179625850745
4603.5 0.9746594001268819
4604.0 0.9752315325446542
4604.5 0.9747274507612604
4605.0 0.9752989389859397
4605.5 0.9751157339220575
4606.0 0.9761186675815687
4606.5 0.9763669138581123
4607.0 0.9762918689695124
4607.5 0.9765401863250152
4608.0 0.9773282515007765
4608.5 0.977900773783704
4609.0 0.9790136555906028
4609.5 0.979156229387056
4610.0 0.9790830231170309
4610.5 0.978901254221039
4611.0 0.9786117691444539
4611.5 0.9785385465621288
4612.0 0.9785729057769915
4612.5 0.9795811271963156
4613.0 0.980156599634167
4613.5 0.9810567087781923
4614.0 0.9808759907115533
4614.5 0.9813442405537788
4615.0 0.9817036405708215
4615.5 0.9821721691288549
4616.0 0.9818821415174406
4616.5 0.9820246651913598
4617.0 0.9818433503512453
4617.5 0.9820948491118542
4618.0 0.9828886611195847
4618.5 0.9834655249747524
4619.0 0.9844770875883923
4619.5 0.9858144162734936
4620.0 0.986174630991715
4620.5 0.9859930416579517
4621.0 0.9866787994734022
4621.5 0.9867132831209533
4622.0 0.9868570331945131
4622.5 0.9870007163979055
4623.0 0.9872526060404943
4623.5 0.9872867282278994
4624.0 0.9873207547419595
4624.5 0.9872463474298567
4625.0 0.9872801820286394
4625.5 0.9873139480145382
4626.0 0.9873476544104209
4626.5 0.9872728525087279
4627.0 0.9869797908311441
4627.5 0.9865780169805041
4628.0 0.9858479899079484
4628.5 0.9860994468202691
4629.0 0.9858056422506912
4629.5 0.9854030504323931
4630.0 0.9855447003122586
4630.5 0.9855789389512318
4631.0 0.9857207028493772
4631.5 0.9859724551321954
4632.0 0.986224313287244
4632.5 0.9860399114318437
4633.0 0.9860730108343227
4633.5 0.9864338112983679
4634.0 0.986466919582684
4634.5 0.9867189767976984
4635.0 0.9874091976172044
4635.5 0.9872232379416889
4636.0 0.987804774334436
4636.5 0.9875096087640246
4637.0 0.987761779640733
4637.5 0.9885616973132431
4638.0 0.9885946207484094
4638.5 0.9880794012249196
4639.0 0.9880027770691776
4639.5 0.9880351357402638
4640.0 0.9885065751001806
4640.5 0.9893069872715898
4641.0 0.9893391915225398
4641.5 0.9890421772602027
4642.0 0.9899521755495765
4642.5 0.9904239068275226
4643.0 0.990237094763769
4643.5 0.9908182871685849
4644.0 0.9919492189147068
4644.5 0.992751045519105
4645.0 0.9932235253361298
4645.5 0.9935854441057478
4646.0 0.9948286197024968
4646.5 0.9959615887570203
4647.0 0.996324284557758
4647.5 0.9970184034071882
4648.0 0.9968307953579078
4648.5 0.997195085126324
4649.0 0.9986602468102156
4649.5 0.9994653147392276
4650.0 0.9989475890367593
4650.5 0.9993127775643014
4651.0 0.9994561060628393
4651.5 0.9992699601584263
4652.0 0.9990824988870768
4652.5 1.0
4653.0 0.9998125705020854
4653.5 0.9998461289272025
4654.0 0.9996596714642964
4654.5 0.9994718428990412
4655.0 0.9995051387459337
4655.5 0.9989855817589962
4656.0 0.999239993363672
4656.5 0.9993842959325488
4657.0 0.9988639805581967
4657.5 0.9984546640050599
4658.0 0.9984870581942844
4658.5 0.9982976232158759
4659.0 0.9984411575102263
4659.5 0.9982512762905894
4660.0 0.9980623257957346
4660.5 0.9967635009682353
4661.0 0.9964621168376181
4661.5 0.9961604115900172
4662.0 0.9950816973230852
4662.5 0.9954456112079214
4663.0 0.9951429717742697
4663.5 0.9951728257374458
4664.0 0.9952025747089982
4664.5 0.9941216013367827
4665.0 0.9933742243003386
4665.5 0.9934032373676044
4666.0 0.9928764480236685
4666.5 0.9921279423779925
4667.0 0.9914884950312488
4667.5 0.9911833387724096
4668.0 0.9904336760596364
4668.5 0.9900160018646609
4669.0 0.9889319004099731
4669.5 0.9886256693571254
4670.0 0.9884301623291463
4670.5 0.987343589227402
4671.0 0.986591710409861
4671.5 0.9860613647270023
4672.0 0.9853075035763652
4672.5 0.9848887377694702
4673.0 0.9846918203125209
4673.5 0.9844959693731696
4674.0 0.9847456187227864
4674.5 0.9841013340385939
4675.0 0.9837925884625315
4675.5 0.9831487963196839
4676.0 0.9827282540397021
4676.5 0.9826423751641247
4677.0 0.9827789047786298
4677.5 0.9814635007438458
4678.0 0.9811529998445172
4678.5 0.9808422131014208
4679.0 0.9807539170333438
4679.5 0.9795475578297974
4680.0 0.9787886804116973
4680.5 0.9778038755783135
4681.0 0.9769311794496315
4681.5 0.9754978055605126
4682.0 0.9738392411939428
4682.5 0.9735249270227498
4683.0 0.9728742629807867
4683.5 0.972223161037189
4684.0 0.9715716237931711
4684.5 0.9702457586930536
4685.0 0.9693685000575943
4685.5 0.9691649358692304
4686.0 0.9679489509508096
4686.5 0.966958346985886
4687.0 0.9658540810388812
4687.5 0.9653109863065249
4688.0 0.9642068055779246
4688.5 0.9642249542395052
4689.0 0.963118551488803
4689.5 0.9622367135337224
4690.0 0.961466369770679
4690.5 0.9603597516847031
4691.0 0.9594771905931813
4691.5 0.9584812305084363
4692.0 0.9572607900917889
4692.5 0.9563776027322883
4693.0 0.9556062265464116
4693.5 0.9541586997447333
4694.0 0.9531617422619785
4694.5 0.9519382860496763
4695.0 0.950149934934514
4695.5 0.9486984699674974
4696.0 0.946793868705724
4696.5 0.9446629270299889
4697.0 0.9430934900299799
4697.5 0.9417498067200647
4698.0 0.9405157784756719
4698.5 0.9386039289301747
4699.0 0.9364625160074788
4699.5 0.9344326423818974
4700.0 0.9324004867285743
4700.5 0.9302534125682774
4701.0 0.928216697029862
4701.5 0.9259512987128496
4702.0 0.9236837619862956
4702.5 0.9213014670471993
4703.0 0.9193706112550831
4703.5 0.917436821246311
4704.0 0.915955085499182
4704.5 0.9139054634508024
4705.0 0.9116274277477296
4705.5 0.9088951576528349
4706.0 0.9050260512619611
4706.5 0.9027445573854326
4707.0 0.900346395997288
4707.5 0.898175480873059
4708.0 0.8957763023214081
4708.5 0.8933760946564121
4709.0 0.8902928490630275
4709.5 0.8872084180502914
4710.0 0.8838966535753211
4710.5 0.8809240859156316
4711.0 0.8778354983257646
4711.5 0.874178046558546
4712.0 0.8706306700472696
4712.5 0.8671971957331897
4713.0 0.8634196422196095
4713.5 0.860094625125897
4714.0 0.8569970687577244
4714.5 0.8535553926054937
4715.0 0.8493145965433294
4715.5 0.844844909068424
4716.0 0.8403718055263306
4716.5 0.836011252468782
4717.0 0.831535119574871
4717.5 0.8277404374039466
4718.0 0.8233737519901704
4718.5 0.818891441244823
4719.0 0.8142921876088172
4719.5 0.8100329053033155
4720.0 0.8052021595126374
4720.5 0.8003678925585169
4721.0 0.79587491901355
4721.5 0.7906936697585385
4722.0 0.7856236999083932
4722.5 0.7803237402335017
4723.0 0.7749074379900021
4723.5 0.770172817804818
4724.0 0.764980477736959
4724.5 0.759441481257087
4725.0 0.7538998384261277
4725.5 0.7477833234851663
4726.0 0.7425794139394719
4726.5 0.7369145191592603
4727.0 0.731248171136722
4727.5 0.7252344544534454
4728.0 0.7194485309885638
4728.5 0.7133150194416903
4729.0 0.7069490608223529
4729.5 0.7005800644201459
4730.0 0.6944376563005984
4730.5 0.6876045487130019
4731.0 0.6811109442554715
4731.5 0.6743857396366764
4732.0 0.6675430579350193
4732.5 0.6610413508497435
4733.0 0.6545365520197104
4733.5 0.6479130207325481
4734.0 0.6405973971820254
4734.5 0.6332782769510984
4735.0 0.6261858233286155
4735.5 0.6189742250518079
4736.0 0.6121052109966367
4736.5 0.6048867582940517
4737.0 0.5973198740103667
4737.5 0.5898651937389636
4738.0 0.5829825292983244
4738.5 0.5757500748533185
4739.0 0.5687447258729831
4739.5 0.5610452577478995
4740.0 0.5535727772227865
4740.5 0.5463261924875548
4741.0 0.5389613332677078
4741.5 0.5313620520088655
4742.0 0.5236442863122243
4742.5 0.5166145196407443
4743.0 0.5088895200077366
4743.5 0.5013919222139223
4744.0 0.4936583287251909
4744.5 0.48626848445242704
4745.0 0.4789913780398004
4745.5 0.4714782279370067
4746.0 0.463500033294577
4746.5 0.45574947189977427
4747.0 0.4485732906656402
4747.5 0.4408155102745017
4748.0 0.4334007996273762
4748.5 0.42598257797903255
4749.0 0.4179822445918105
4749.5 0.4107886166301868
4750.0 0.40347505468644856
4750.5 0.395695583760358
4751.0 0.38825966013609664
4751.5 0.38070359535358256
4752.0 0.3731452188507127
4752.5 0.3658140698635472
4753.0 0.358480717539569
4753.5 0.35149026672254796
4754.0 0.34403329751070627
4754.5 0.33692187513828714
4755.0 0.32957347052355823
4755.5 0.3225708296020923
4756.0 0.3157960637551693
4756.5 0.3085543414190544
4757.0 0.3015404922244171
4757.5 0.29440892503758587
4758.0 0.2875053930398595
4758.5 0.2808300585692723
4759.0 0.27415284603280976
4759.5 0.267588261852361
4760.0 0.26137054601420495
4760.5 0.2546839825733184
4761.0 0.24845898313417458
4761.5 0.2417661923880239
4762.0 0.2357682991331728
4762.5 0.22965162227113753
4763.0 0.22353205516464314
4763.5 0.2177588758837616
4764.0 0.21163233829385886
4764.5 0.2056215185671021
4765.0 0.2001895540266506
4765.5 0.1946389213784917
4766.0 0.1890843999676428
4766.5 0.18399575045208025
4767.0 0.17890343091553593
4767.5 0.17380999491248797
4768.0 0.1687128885864762
4768.5 0.16384721162973975
4769.0 0.1587466491987915
4769.5 0.1543429264377796
4770.0 0.14970441608064372
4770.5 0.14506371481118277
4771.0 0.14065492036092206
4771.5 0.13636048236653986
4772.0 0.13206529995285193
4772.5 0.1283518261871591
4773.0 0.12451957311612596
4773.5 0.12080282943824698
4774.0 0.11682672610192252
4774.5 0.1130478698703152
4775.0 0.10924378513350078
4775.5 0.10567237553586765
4776.0 0.10225148775925272
4776.5 0.09887593478261335
4777.0 0.09555742310718951
4777.5 0.09237811249838987
4778.0 0.08951392775186698
4778.5 0.08663684646941462
4779.0 0.08364092758245364
4779.5 0.0807258010683482
4780.0 0.07784451134088942
4780.5 0.07510283196784825
4781.0 0.0723598736952845
4781.5 0.06986232253541609
4782.0 0.06769276961853753
4782.5 0.06521649627982057
4783.0 0.06302130117145258
4783.5 0.06077798533389081
4784.0 0.058580723337525
4784.5 0.05664130852636389
4785.0 0.054747981964846745
4785.5 0.052794910160320146
4786.0 0.050864496312300396
4786.5 0.049074525709393524
4787.0 0.04743682493547751
4787.5 0.04566867069224826
4788.0 0.04439481870648007
4788.5 0.042860877411677864
4789.0 0.04130273774870007
4789.5 0.03986180416725142
4790.0 0.038538161702862936
4790.5 0.03732001836917662
4791.0 0.03595979294029009
4791.5 0.034870411425849665
4792.0 0.03367420609644631
4792.5 0.032548250756437004
4793.0 0.03135107364460782
4793.5 0.030247705050188606
4794.0 0.029179377489932115
4794.5 0.02815775503928555
4795.0 0.027206543575424312
4795.5 0.026314146773450692
4796.0 0.02526744434761923
4796.5 0.024315009361913737
4797.0 0.023515952856150463
4797.5 0.022728304590450603
4798.0 0.02191657712684173
4798.5 0.021057152680695603
4799.0 0.020280261294107198
4799.5 0.0195029017228988
4800.0 0.018808351177754912
4800.5 0.018101620833888495
4801.0 0.017584290636740524
4801.5 0.017007602050594123
4802.0 0.016454304914096003
4802.5 0.015912589317354373
4803.0 0.015370764466057443
4803.5 0.014816738906898757
4804.0 0.014333777509070882
4804.5 0.01395740727369379
4805.0 0.01341457976048763
4805.5 0.012788168560015434
4806.0 0.012316018582292297
4806.5 0.011926847631079766
4807.0 0.011561245217165157
4807.5 0.011201379912196418
4808.0 0.010786566479030951
4808.5 0.010479845915423155
4809.0 0.0101920113560957
4809.5 0.00984924889480939
4810.0 0.009561103002332014
4810.5 0.009218001953092789
4811.0 0.008856846407184678
4811.5 0.008531270648796115
4812.0 0.008224614946464147
4812.5 0.007935680118239807
4813.0 0.007719383426248868
4813.5 0.007430169036467504
4814.0 0.007158724100051689
4814.5 0.006959969086379661
4815.0 0.006761097990841004
4815.5 0.0065442172911147145
4816.0 0.0064359587907592535
4816.5 0.0061459761013177815
4817.0 0.005946700517348269
4817.5 0.005693494652077411
4818.0 0.005456922336357343
4818.5 0.0052943982843083135
4819.0 0.005131790351931154
4819.5 0.0049319949329842995
4820.0 0.004750059068834835
4820.5 0.004569223944121555
4821.0 0.004405074755827141
4821.5 0.004370257742351679
4822.0 0.004298258510881658
4822.5 0.004115931590120223
4823.0 0.004007866700996022
4823.5 0.003862552353169321
4824.0 0.0036799726424968154
4824.5 0.003589701076872567
4825.0 0.003444178935884802
4825.5 0.003298568072585948
4826.0 0.0032441596349216963
4826.5 0.0030984338099812334
4827.0 0.0030259182880359925
4827.5 0.0030266957971516717
4828.0 0.00297217063655297
4828.5 0.0028622875323252423
4829.0 0.0028088888953082267
4829.5 0.0026989066946336766
4830.0 0.0025888677813844297
4830.5 0.0025714732638816287
4831.0 0.0023891068808093606
4831.5 0.0022969705526903377
4832.0 0.002243343030087495
4832.5 0.0022246280424849164
4833.0 0.002133591245765352
4833.5 0.0020786793528040416
4834.0 0.002023725848125915
4834.5 0.002006148508976078
4835.0 0.0019330610877494917
4835.5 0.0018599227501748393
4836.0 0.0017686508437440537
4836.5 0.0016954456423278579
4837.0 0.0016040711989427777
4837.5 0.0015851547087548017
4838.0 0.0015493037877286273
4838.5 0.0014759531039236539
4839.0 0.0014025780945163457
4839.5 0.0013291657226974834
4840.0 0.0
