5017.0 0.0010755467750841782
5017.5 0.0011648580786532672
5018.0 0.0011651160484831252
5018.5 0.001210417913558806
5019.0 0.0013008043994845824
5019.5 0.0013157889553448872
5020.0 0.001361165487416134
5020.5 0.001361467943257799
5021.0 0.001421570477202456
5021.5 0.001451305267440377
5022.0 0.0014663409595868486
5022.5 0.0014666676624463897
5023.0 0.0015425542027595034
5023.5 0.0015723424758630601
5024.0 0.0016630116633226928
5024.5 0.0017085460564667037
5025.0 0.0017236582664705243
5025.5 0.0017535121482286228
5026.0 0.0017990959154264312
5026.5 0.0018899147573795136
5027.0 0.0019345698572547502
5027.5 0.0020107101207218225
5028.0 0.0020711422642313727
5028.5 0.002146366765152605
5029.0 0.00223736226756814
5029.5 0.0022821428096852004
5030.0 0.0024184828231732605
5030.5 0.002523375498192704
5031.0 0.0025692395346815886
5031.5 0.0026604173822663236
5032.0 0.0026757839261167806
5032.5 0.002751273619817911
5033.0 0.0028878969165917374
5033.5 0.0029033232392433896
5034.0 0.003069622180317349
5034.5 0.0031906297491966777
5035.0 0.003296893176048759
5035.5 0.0033726086248878494
5036.0 0.0035243535682867246
5036.5 0.003614970133252034
5037.0 0.0036908050279243552
5037.5 0.003827906162657813
5038.0 0.0039640842962222304
5038.5 0.004025236700138702
5039.0 0.004161507958818909
5039.5 0.004283023532423727
5040.0 0.004495554443876345
5040.5 0.004677517452320101
5041.0 0.004815051023133186
5041.5 0.005041686766026806
5042.0 0.005103174981443359
5042.5 0.005240895025126669
5043.0 0.005377690346226578
5043.5 0.005605637694765261
5044.0 0.005727717123907589
5044.5 0.0059102758800707155
5045.0 0.006123638361241434
5045.5 0.006321230233537287
5046.0 0.006459429730568134
5046.5 0.006717672368365011
5047.0 0.0069006485622925
5047.5 0.007083705126582752
5048.0 0.007266852992901631
5048.5 0.007450070535868352
5049.0 0.007709803821794091
5049.5 0.007878306781467042
5050.0 0.008091572351392065
5050.5 0.008305931894313558
5051.0 0.008565083342987547
5051.5 0.008794547959463458
5052.0 0.00905393224219169
5052.5 0.00934424569506659
5053.0 0.009574022229877169
5053.5 0.009864577404095128
5054.0 0.010097561747890572
5054.5 0.010418210296876482
5055.0 0.010709140823027116
5055.5 0.011059883826758952
5056.0 0.011420845510534065
5056.5 0.011781855615319524
5057.0 0.012053435184081387
5057.5 0.01234508265316771
5058.0 0.012716454485259612
5058.5 0.013068140914784072
5059.0 0.013400129410563302
5059.5 0.013692222437101371
5060.0 0.014064330684633284
5060.5 0.014436605022786923
5061.0 0.014828916183417055
5061.5 0.015211573301098317
5062.0 0.01579396137568182
5062.5 0.016196885564012786
5063.0 0.01663987346374756
5063.5 0.017043160895723598
5064.0 0.01750664440097849
5064.5 0.01789028597303144
5065.0 0.018364108352059507
5065.5 0.018908042320592174
5066.0 0.019352311354394258
5066.5 0.019826762399197676
5067.0 0.020461466514562956
5067.5 0.02107641107157277
5068.0 0.02175175086161445
5068.5 0.022287171880175486
5069.0 0.022892950583281443
5069.5 0.023489022486956983
5070.0 0.024005117907847255
5070.5 0.02456156830240338
5071.0 0.025208516401001493
5071.5 0.025855748521147654
5072.0 0.026533215841251147
5072.5 0.027181021891829804
5073.0 0.02787927172696216
5073.5 0.028688160179296023
5074.0 0.029447219271058988
5074.5 0.030206609148762865
5075.0 0.030765510223169146
5075.5 0.03156562117244289
5076.0 0.03226573477904202
5076.5 0.03315698957842694
5077.0 0.03402851103326274
5077.5 0.034940664991790576
5078.0 0.035732656165701766
5078.5 0.036625449396108574
5079.0 0.037589068670618904
5079.5 0.03847264973339919
5080.0 0.03939680974176337
5080.5 0.04050264420189598
5081.0 0.04156865565427651
5081.5 0.04266532652409098
5082.0 0.04386320126748806
5082.5 0.04496086263438453
5083.0 0.04619008722453947
5083.5 0.047208134112237135
5084.0 0.048297102208256656
5084.5 0.04940684190325672
5085.0 0.05062795549575722
5085.5 0.05182940078734253
5086.0 0.05325336249840454
5086.5 0.05458718366278178
5087.0 0.05597194722870325
5087.5 0.057397746623473654
5088.0 0.05878373365784376
5088.5 0.0603522339603478
5089.0 0.06186074296982672
5089.5 0.06330933386943519
5090.0 0.06466755861135717
5090.5 0.06623876140394504
5091.0 0.06809377745168539
5091.5 0.06983829568003429
5092.0 0.07170500576769102
5092.5 0.07355239118791113
5093.0 0.07534987378279498
5093.5 0.077259563632688
5094.0 0.07913962116136368
5094.5 0.08104088181302173
5095.0 0.08291262832417932
5095.5 0.08487679742845154
5096.0 0.08704478348334856
5096.5 0.08909220344232266
5097.0 0.09112022774492587
5097.5 0.09323010703310458
5098.0 0.09557400002494787
5098.5 0.09794885422480722
5099.0 0.10015153266586481
5099.5 0.10241515084491774
5100.0 0.10466854797065211
5100.5 0.10712473353962416
5101.0 0.10968233010683902
5101.5 0.11223996261874497
5102.0 0.1147977973542529
5102.5 0.11755945677927063
5103.0 0.12021948431191988
5103.5 0.12288147633846218
5104.0 0.12544224655471228
5104.5 0.12820678901566945
5105.0 0.13097354661457677
5105.5 0.13394482849474382
5106.0 0.13691595844558527
5106.5 0.1398891636201574
5107.0 0.14306595067746194
5107.5 0.1464486476241902
5108.0 0.15003512950475792
5108.5 0.15321511890658093
5109.0 0.15649863584194257
5109.5 0.1600885162903091
5110.0 0.16367957347976672
5110.5 0.16727180873110795
5111.0 0.17117065954171198
5111.5 0.1749693274006382
5112.0 0.1788707100611638
5112.5 0.18297746195861728
5113.0 0.18708555016835696
5113.5 0.19078664360262598
5114.0 0.19520418545439097
5114.5 0.1995193666988805
5115.0 0.20383705497138327
5115.5 0.20825772681034732
5116.0 0.2123738889749296
5116.5 0.21700173668171827
5117.0 0.2216310868727592
5117.5 0.2261602862750252
5118.0 0.23079263668553213
5118.5 0.23563100013740076
5119.0 0.24047095006648264
5119.5 0.245414215128833
5120.0 0.2505637088435171
5120.5 0.2556120280158742
5121.0 0.2605613562617478
5121.5 0.26591947269940086
5122.0 0.2707691933241509
5122.5 0.2762336783040281
5123.0 0.28170106406645173
5123.5 0.2871691074268746
5124.0 0.2928437882826688
5124.5 0.2984172966485412
5125.0 0.3035838784381015
5125.5 0.3093670480507606
5126.0 0.31525404276776536
5126.5 0.3212449095335388
5127.0 0.32723772145135566
5127.5 0.33343757620580305
5128.0 0.3399465774976224
5128.5 0.34594531933629613
5129.0 0.35245955568385107
5129.5 0.3588715841431469
5130.0 0.3654920562308257
5130.5 0.3716019514453906
5131.0 0.3783286873083416
5131.5 0.38464684327262755
5132.0 0.3912756937284083
5132.5 0.3981109916640602
5133.0 0.4050517906857088
5133.5 0.4119948329448547
5134.0 0.4188367936175277
5134.5 0.4251676001640416
5135.0 0.4317071600623641
5135.5 0.43865784388859114
5136.0 0.4454062154494963
5136.5 0.45267045795236305
5137.0 0.4599370453074124
5137.5 0.46658979415451335
5138.0 0.47386098737311194
5138.5 0.48072286643516327
5139.0 0.4875881046736098
5139.5 0.494762753805732
5140.0 0.5018384696807378
5140.5 0.5087094032513162
5141.0 0.5162005951229297
5141.5 0.5231796915367748
5142.0 0.5301599304601623
5142.5 0.5377618792928175
5143.0 0.5453651642740004
5143.5 0.5520436898775253
5144.0 0.5591379082325141
5144.5 0.5661296047176714
5145.0 0.572918414791828
5145.5 0.5804309331760822
5146.0 0.5873279844365237
5146.5 0.5948441346370895
5147.0 0.6018483853518152
5147.5 0.6090613418426083
5148.0 0.6160701534980147
5148.5 0.6232866106540617
5149.0 0.6299907344242596
5149.5 0.6371090476845368
5150.0 0.6439203089012921
5150.5 0.650527169958551
5151.0 0.6575494969278994
5151.5 0.6648834006790212
5152.0 0.6710840055631833
5152.5 0.6778016701416909
5153.0 0.6845225267603764
5153.5 0.6910386903706593
5154.0 0.697555899163532
5154.5 0.7039734857017721
5155.0 0.7108058952860751
5155.5 0.7170195631461571
5156.0 0.7235463118407094
5156.5 0.7295581073106425
5157.0 0.7354677272320927
5157.5 0.741587489458956
5158.0 0.7479152317899231
5158.5 0.7538306451391636
5159.0 0.7591274468280309
5159.5 0.7643228889327739
5160.0 0.7709686999907328
5160.5 0.776581171468566
5161.0 0.7824028571329237
5161.5 0.7882266311190277
5162.0 0.7934313580987723
5162.5 0.7988442001774438
5163.0 0.803637524087623
5163.5 0.8087430826576976
5164.0 0.8127103792595995
5164.5 0.8173005488357074
5165.0 0.8218921957931363
5165.5 0.8264864553036604
5166.0 0.8310810585893628
5166.5 0.8355738482843237
5167.0 0.8392370692503098
5167.5 0.8440437287648168
5168.0 0.8480217868505173
5168.5 0.8520011229834726
5169.0 0.8554625834623902
5169.5 0.8588206243867132
5170.0 0.8619729213768029
5170.5 0.8654365246851773
5171.0 0.8684873421292113
5171.5 0.8721608399785484
5172.0 0.8759399914336257
5172.5 0.8788889127724326
5173.0 0.8821504315654086
5173.5 0.8844767423994784
5174.0 0.8868049985009501
5174.5 0.8891328621347667
5175.0 0.8921899302874127
5175.5 0.8942086139451684
5176.0 0.8949777678729254
5176.5 0.8973084199979549
5177.0 0.8990156659706204
5177.5 0.9006197914180111
5178.0 0.9030572756982735
5178.5 0.904869944950531
5179.0 0.9061634867332576
5179.5 0.9073525664114921
5180.0 0.9088543990391155
5180.5 0.9103567067667524
5181.0 0.9114429702707323
5181.5 0.9126330963990787
5182.0 0.9135096898119567
5182.5 0.9143876042836304
5183.0 0.9151619436275304
5183.5 0.916457075646266
5184.0 0.9185883054852331
5184.5 0.9187370223273333
5185.0 0.9207642312756883
5185.5 0.9223740750509039
5186.0 0.923359596651482
5186.5 0.9240312454365066
5187.0 0.9252252947659334
5187.5 0.9256882992692176
5188.0 0.9266738059507297
5188.5 0.9278688281963593
5189.0 0.928854983813186
5189.5 0.9300507230592655
5190.0 0.9309334451353839
5190.5 0.9317111116980893
5191.0 0.9320711042741454
5191.5 0.9326403802956542
5192.0 0.9326854967931772
5192.5 0.9334643043644634
5193.0 0.9331958139026363
5193.5 0.9330325253060152
5194.0 0.9332824368505351
5194.5 0.9336321392076637
5195.0 0.9342919738800701
5195.5 0.935159614476083
5196.0 0.9350841696527216
5196.5 0.9348016732649171
5197.0 0.9351494526263592
5197.5 0.9352938578035006
5198.0 0.935760602671028
5198.5 0.9369690982403868
5199.0 0.9378731975998588
5199.5 0.9375326876617687
5200.0 0.9376260831520994
5200.5 0.938143909326663
5201.0 0.9383473845531473
5201.5 0.9387610449235639
5202.0 0.9391748557422063
5202.5 0.9391683829284423
5203.0 0.9395824037051933
5203.5 0.9399965829488166
5204.0 0.9407259411663766
5204.5 0.9413498797756752
5205.0 0.9415543634877955
5205.5 0.9412332746817507
5206.0 0.9418588543925097
5206.5 0.9419576182903239
5207.0 0.9426882304896306
5207.5 0.9433142955562692
5208.0 0.9438345701210282
5208.5 0.9441453063487087
5209.0 0.9443500217628641
5209.5 0.9446594805977394
5210.0 0.944653093675939
5210.5 0.9451734366785063
5211.0 0.9453780562371049
5211.5 0.9450557077445388
5212.0 0.9451553556221494
5212.5 0.9458872512349547
5213.0 0.9466194293885695
5213.5 0.9478793809905997
5214.0 0.9484010368514203
5214.5 0.9488178475646061
5215.0 0.949023470634835
5215.5 0.9496519682154841
5216.0 0.9500680888440541
5216.5 0.9503803152312416
5217.0 0.9512197237654834
5217.5 0.9520605585810584
5218.0 0.953323759656459
5218.5 0.9539523385530698
5219.0 0.9540534643757431
5219.5 0.9553174826077843
5220.0 0.9560529572921413
5220.5 0.9565768458504054
5221.0 0.9566782545719117
5221.5 0.9568850600760974
5222.0 0.9578321752922192
5222.5 0.9580392285758932
5223.0 0.9581408589483773
5223.5 0.958772230837042
5224.0 0.9600391619745395
5224.5 0.9614120862485869
5225.0 0.9619375892437704
5225.5 0.962463268385346
5226.0 0.9623532003753699
5226.5 0.9630915665924639
5227.0 0.9641483681432902
5227.5 0.9639329430735609
5228.0 0.9645653538843977
5228.5 0.9649866684350937
5229.0 0.9658335375655114
5229.5 0.9659358789640414
5230.0 0.9665707043279921
5230.5 0.9673115417167626
5231.0 0.9682654720835733
5231.5 0.9690068859397717
5232.0 0.9695356450000523
5232.5 0.9696386447231844
5233.0 0.9709126189350333
5233.5 0.9711229954763276
5234.0 0.9714405980733881
5234.5 0.9725026002803243
5235.0 0.9720749751377498
5235.5 0.9731374795260969
5236.0 0.9737737886540812
5236.5 0.9749441995394155
5237.0 0.9756882381282265
5237.5 0.9766458921174483
5238.0 0.9764302808986223
5238.5 0.9766414436295089
5239.0 0.9775994044995335
5239.5 0.9775969292855748
5240.0 0.9777017802095274
5240.5 0.9783391476561875
5241.0 0.9779103112455203
5241.5 0.9786553628394788
5242.0 0.9800410384997792
5242.5 0.9797184736038915
5243.0 0.9811060253632657
5243.5 0.9812102083962255
5244.0 0.9817435878444842
5244.5 0.9816337363011962
5245.0 0.9818455407375516
5245.5 0.9822715468763029
5246.0 0.9823769523161595
5246.5 0.982695447126225
5247.0 0.9817305508560563
5247.5 0.9819423826075127
5248.0 0.9822608924982517
5248.5 0.9822584391311374
5249.0 0.9826849483584905
5249.5 0.9826825350188705
5250.0 0.9820374864829344
5250.5 0.9823573385527816
5251.0 0.9820332424678171
5251.5 0.9828881582171685
5252.0 0.982242352643386
5252.5 0.9821326588837714
5253.0 0.9811634223562506
5253.5 0.9804098249160497
5254.0 0.9811581967127484
5254.5 0.9805099333563738
5255.0 0.9814735950069707
5255.5 0.9813633144426654
5256.0 0.9811447479668154
5256.5 0.9811423559583297
5257.0 0.9808164217452775
5257.5 0.9807043322643918
5258.0 0.9807014930142358
5258.5 0.9800512209938508
5259.0 0.9797242480254094
5259.5 0.9788589637480841
5260.0 0.9790696225005827
5260.5 0.9786348327545358
5261.0 0.978738213202107
5261.5 0.9793789329396526
5262.0 0.9780821393501925
5262.5 0.9780768225960789
5263.0 0.977316761790839
5263.5 0.9768806313559742
5264.0 0.9764430564592718
5264.5 0.9760064046753413
5265.0 0.9752449532816349
5265.5 0.9748077444301056
5266.0 0.9750173257980651
5266.5 0.975226962775998
5267.0 0.9758689843571465
5267.5 0.9748903048151033
5268.0 0.9745599548794124
5268.5 0.9743382008689588
5269.0 0.9746554260738501
5269.5 0.974324747577649
5270.0 0.9749672420787485
5270.5 0.9749604792052
5271.0 0.9754943895222906
5271.5 0.9760284659277252
5272.0 0.9756973895353434
5272.5 0.976231612142352
5273.0 0.976225927801001
5273.5 0.9762189099607663
5274.0 0.9764285873024381
5274.5 0.9766382737344188
5275.0 0.9763063319677632
5275.5 0.9774905227254091
5276.0 0.9771586232757944
5276.5 0.9779106697454764
5277.0 0.9779050813732665
5277.5 0.9773561671490337
5278.0 0.9770243483644738
5278.5 0.9776682795855803
5279.0 0.9770112475598146
5279.5 0.9772220279221862
5280.0 0.9769992467218703
5280.5 0.9767750784927426
5281.0 0.977311291711145
5281.5 0.9767612992367034
5282.0 0.9761028243255783
5282.5 0.9753357995593733
5283.0 0.9748931608456567
5283.5 0.9743421030652728
5284.0 0.974552318941295
5284.5 0.9737842848618501
5285.0 0.9736681666123443
5285.5 0.9734423325928457
5286.0 0.9731078645441392
5286.5 0.9728814456252941
5287.0 0.9729823285292089
5287.5 0.9728648995133621
5288.0 0.9727471093048647
5288.5 0.9716478347235601
5289.0 0.971201373481095
5289.5 0.9717374220605368
5290.0 0.9725993878425031
5290.5 0.9730262169965527
5291.0 0.9732347814660268
5291.5 0.9727880396365818
5292.0 0.972342256404246
5292.5 0.9720051148407209
5293.0 0.97210677618657
5293.5 0.9724274037049043
5294.0 0.9727488606905011
5294.5 0.9733990596621046
5295.0 0.97273715561032
5295.5 0.9724009374444601
5296.0 0.9728275852123381
5296.5 0.9736878158237119
5297.0 0.9744354826417222
5297.5 0.9747406231711236
5298.0 0.9742763178183002
5298.5 0.9749028573643943
5299.0 0.9757458132215643
5299.5 0.9759324770902053
5300.0 0.9774345852281215
5300.5 0.9784998730058544
5301.0 0.9791281851491059
5301.5 0.9799749234737215
5302.0 0.980822020922222
5302.5 0.9814514331362977
5303.0 0.9824105696665812
5303.5 0.9833706809650983
5304.0 0.9840014648671744
5304.5 0.984413975274852
5305.0 0.9843868756905643
5305.5 0.9856759015824743
5306.0 0.9865259724914673
5306.5 0.9869340715782807
5307.0 0.9874521394623978
5307.5 0.9882962710831716
5308.0 0.9879313467764406
5308.5 0.9887730616073379
5309.0 0.9885170580898828
5309.5 0.9886998913361531
5310.0 0.9894330371020518
5310.5 0.989506717545834
5311.0 0.9905717745359818
5311.5 0.9916361100999772
5312.0 0.9917104963480661
5312.5 0.9933270163784635
5313.0 0.9942823905219234
5313.5 0.993809099264942
5314.0 0.9942161358021545
5314.5 0.9948425529138837
5315.0 0.9956907495243282
5315.5 0.9960979535780679
5316.0 0.9966145807151022
5316.5 0.9970211614672289
5317.0 0.9988595827203635
5317.5 0.9990446496068083
5318.0 1.0
5318.5 0.999965005278944
5319.0 0.9993773474779054
5319.5 0.9985688322566799
5320.0 0.9994165142488386
5320.5 0.9992701162108752
5321.0 0.9985732239282632
5321.5 0.9989800943414335
5322.0 0.9990563347587508
5322.5 0.9991319239746143
5323.0 0.9986570574837554
5323.5 0.9987334859307082
5324.0 0.999032521791556
5324.5 0.998446591339728
5325.0 0.9967549105273342
5325.5 0.9967204206554823
5326.0 0.9948065599956772
5326.5 0.9947702606769535
5327.0 0.9944013731303233
5327.5 0.9939213827865536
5328.0 0.9925545124100322
5328.5 0.9914085191246839
5329.0 0.990373619744287
5329.5 0.9892272969272861
5330.0 0.987639040933657
5330.5 0.9864930815805366
5331.0 0.9845713192257766
5331.5 0.9829825020643342
5332.0 0.9812819367928742
5332.5 0.980579741461837
5333.0 0.9797665270431484
5333.5 0.9784003088078879
5334.0 0.9771429189747776
5334.5 0.9749989399676331
5335.0 0.9727419409619684
5335.5 0.9717045370349945
5336.0 0.9702211066297127
5336.5 0.9681805530893808
5337.0 0.9669151308541797
5337.5 0.9642035836607779
5338.0 0.9623798845264653
5338.5 0.959222041065653
5339.0 0.9571743327248375
5339.5 0.9551265445738133
5340.0 0.9530791097826473
5340.5 0.9501427310693548
5341.0 0.9473163911468825
5341.5 0.9439334087717329
5342.0 0.9409952447129506
5342.5 0.9383908368275564
5343.0 0.936120023532307
5343.5 0.9324023635221514
5344.0 0.9289062823555879
5344.5 0.9252964913909979
5345.0 0.9215737132375795
5345.5 0.9189621078858082
5346.0 0.9156800202972086
5346.5 0.9127287709563765
5347.0 0.9092175930991321
5347.5 0.9050345265214164
5348.0 0.9014067193522033
5348.5 0.8975554825764316
5349.0 0.89414860255651
5349.5 0.890964721636217
5350.0 0.8874466636200251
5350.5 0.8835939600246613
5351.0 0.879515730705849
5351.5 0.8757724301767158
5352.0 0.8716941253390403
5352.5 0.8677271176151995
5353.0 0.8636485311703526
5353.5 0.8593452944730702
5354.0 0.8548167199415484
5354.5 0.8505096103144615
5355.0 0.8459772153206636
5355.5 0.8419992093144244
5356.0 0.8371233441347649
5356.5 0.8323549121557212
5357.0 0.8270251419248823
5357.5 0.821467219555673
5358.0 0.8156840274034682
5358.5 0.8102343161910148
5359.0 0.804894685226001
5359.5 0.7991071755796195
5360.0 0.7936548611698678
5360.5 0.7879775966579413
5361.0 0.7823000983436239
5361.5 0.7760597975880771
5362.0 0.7701545809339012
5362.5 0.7636897699357933
5363.0 0.7574468231410898
5363.5 0.7505297060060322
5364.0 0.743945909375227
5364.5 0.7373587513804741
5365.0 0.7308793150024112
5365.5 0.7242836475874238
5366.0 0.7179077029293256
5366.5 0.7107412961683992
5367.0 0.7044686270257167
5367.5 0.6975195220174031
5368.0 0.6909042268479715
5368.5 0.6840618605992957
5369.0 0.6772177861627601
5369.5 0.6707106070197953
5370.0 0.6636397071729178
5370.5 0.6567926576711209
5371.0 0.6497198959317334
5371.5 0.6430943736658424
5372.0 0.6364681767742553
5372.5 0.6290534659560895
5373.0 0.6219741626216911
5373.5 0.6154562856886042
5374.0 0.6087088604465042
5374.5 0.602184363247253
5375.0 0.5945283786096448
5375.5 0.5875436155630177
5376.0 0.5812292917107023
5376.5 0.574685314741252
5377.0 0.5675755797697396
5377.5 0.5602357383035478
5378.0 0.5537958764637485
5378.5 0.5466781168278798
5379.0 0.5397831858745202
5379.5 0.5325489910222146
5380.0 0.5253139341636578
5380.5 0.5185280918128619
5381.0 0.5115157108334468
5381.5 0.5043892470458332
5382.0 0.497486704090917
5382.5 0.4902444520315978
5383.0 0.48367717848049935
5383.5 0.47722105906853834
5384.0 0.46951833056846326
5384.5 0.46237755571194206
5385.0 0.45602116804690823
5385.5 0.44951412007396446
5386.0 0.4424028283487798
5386.5 0.43572203303829293
5387.0 0.42949013778495143
5387.5 0.4230444303913081
5388.0 0.41651390176153014
5388.5 0.41025164770709643
5389.0 0.4038170591962927
5389.5 0.39767772673894386
5390.0 0.39161754482371547
5390.5 0.3863321309359743
5391.0 0.3804738525275408
5391.5 0.37448053506093215
5392.0 0.3689325762300259
5392.5 0.36329666678191685
5393.0 0.35737692604879767
5393.5 0.35143054212201796
5394.0 0.3455998112435145
5394.5 0.33990966878838863
5395.0 0.3339160658994475
5395.5 0.3286016930670887
5396.0 0.3232798121521072
5396.5 0.317954781733489
5397.0 0.31285689608982703
5397.5 0.30753416691419505
5398.0 0.3022165016513303
5398.5 0.29702058785870844
5399.0 0.29194739631748856
5399.5 0.2872264667892919
5400.0 0.28217849473881573
5400.5 0.2770313149455605
5401.0 0.27222352800822847
5401.5 0.267515661771787
5402.0 0.2627980428659302
5402.5 0.2578447578749683
5403.0 0.25368351507915465
5403.5 0.24894773350265656
5404.0 0.24477843535419247
5404.5 0.2404944819519883
5405.0 0.23609001582380026
5405.5 0.2317932224191452
5406.0 0.22783282392956763
5406.5 0.22364101046357657
5407.0 0.21956213481261808
5407.5 0.2154817827307688
5408.0 0.2114038345740519
5408.5 0.20755528146549884
5409.0 0.20359690215602053
5409.5 0.19998628011643269
5410.0 0.19615189755594176
5410.5 0.1928931596516913
5411.0 0.18963361744281673
5411.5 0.18625342404939743
5412.0 0.18275386356337328
5412.5 0.17959405223034627
5413.0 0.17643130683486674
5413.5 0.17315131311702242
5414.0 0.16964213126571978
5414.5 0.16658659691006789
5415.0 0.16364153754658037
5415.5 0.16069163161350922
5416.0 0.15785413195425327
5416.5 0.15478726322990327
5417.0 0.1518320156816775
5417.5 0.14876275881841325
5418.0 0.14603809754853292
5418.5 0.14308443793888054
5419.0 0.14013381226396465
5419.5 0.1374133291509265
5420.0 0.13469697655689164
5420.5 0.13186789839221527
5421.0 0.12937997101504584
5421.5 0.12700402387165682
5422.0 0.124739030590124
5422.5 0.1222432596631434
5423.0 0.11963103979389735
5423.5 0.11713187997675475
5424.0 0.11474611722436846
5424.5 0.11263299782651127
5425.0 0.1106316908122369
5425.5 0.10835312147048641
5426.0 0.10609591108858533
5426.5 0.10414737791339684
5427.0 0.1019917294189389
5427.5 0.09983597259058777
5428.0 0.09782980210755855
5428.5 0.09567504490287647
5429.0 0.09386580160569526
5429.5 0.09171342667632694
5430.0 0.08960860989075192
5430.5 0.08781519249691641
5431.0 0.08591676634498789
5431.5 0.08405085725629989
5432.0 0.08227505716480804
5432.5 0.08045194286917828
5433.0 0.07839766751626674
5433.5 0.07674486181933061
5434.0 0.07533250417912905
5434.5 0.07358451722848622
5435.0 0.07201923301753003
5435.5 0.07048710339048665
5436.0 0.0687009566597763
5436.5 0.06722481732291477
5437.0 0.06547209723751142
5437.5 0.06427183631124905
5438.0 0.06291047339855313
5438.5 0.0613997273754484
5439.0 0.059993150101070286
5439.5 0.058794564081049765
5440.0 0.05750465693027334
5440.5 0.05621528979513635
5441.0 0.05513236720961436
5441.5 0.05384086822187856
5442.0 0.05250221369229812
5442.5 0.05128954820955815
5443.0 0.050053218093201735
5443.5 0.04879312798646033
5444.0 0.04771666382214252
5444.5 0.04662755780888232
5445.0 0.04575690731255542
5445.5 0.04457395866137519
5446.0 0.043494333005643274
5446.5 0.04256459620768693
5447.0 0.04156526812670211
5447.5 0.04047343213721968
5448.0 0.03946248856704402
5448.5 0.03847477976975785
5449.0 0.03753341677497153
5449.5 0.03659232556519518
5450.0 0.035836666228427606
5450.5 0.035011746219647616
5451.0 0.03433657736381926
5451.5 0.033614658077168805
5452.0 0.0328111996405219
5452.5 0.03193786455945175
5453.0 0.0310986677631729
5453.5 0.03031698999709053
5454.0 0.029604081054708173
5454.5 0.028913806458846263
5455.0 0.028373788576427368
5455.5 0.027671035138376467
5456.0 0.027072332110303184
5456.5 0.026566254894900717
5457.0 0.02586284161086257
5457.5 0.025391330219387085
5458.0 0.02466469481522756
5458.5 0.024065566307469134
5459.0 0.02336217784256485
5459.5 0.022728410200414995
5460.0 0.022222352100969497
5460.5 0.021832365628187037
5461.0 0.0213261105005273
5461.5 0.020854210291424043
5462.0 0.020358901420265522
5462.5 0.01985176405977085
5463.0 0.019413898822637124
5463.5 0.01898749606095579
5464.0 0.018572192158248124
5464.5 0.018052056615588404
5465.0 0.017706030119367347
5465.5 0.017208689762305936
5466.0 0.016711162297183054
5466.5 0.016236643766303148
5467.0 0.015901756762615477
5467.5 0.0155202397980684
5468.0 0.015092097986165936
5468.5 0.014629046033560824
5469.0 0.014247485114772005
5469.5 0.01387754479195706
5470.0 0.013507652068009609
5470.5 0.013114386647477553
5471.0 0.012779266421342486
5471.5 0.012432202442060464
5472.0 0.012143253202785288
5472.5 0.01177256827086791
5473.0 0.011437805497377591
5473.5 0.011173949396551884
5474.0 0.010926247317369395
5474.5 0.01074952780794518
5475.0 0.010412890258042075
5475.5 0.010183460371988563
5476.0 0.00997144867435141
5476.5 0.009670664780377133
5477.0 0.009404836031160789
5477.5 0.009192653174105966
5478.0 0.008908049162171238
5478.5 0.008695804319012571
5479.0 0.008358583637013172
5479.5 0.008128803840182516
5480.0 0.00788033526672922
5480.5 0.007686726227985539
5481.0 0.007598215640697664
5481.5 0.0073506412347686895
5482.0 0.0072619854808571496
5482.5 0.007031758379919274
5483.0 0.006854044488929713
5483.5 0.006569742574457777
5484.0 0.006392971380570056
5484.5 0.006268782076897039
5485.0 0.006109425416179353
5485.5 0.005894960340745527
5486.0 0.005843190721177943
5486.5 0.005664919439477874
5487.0 0.005576779159352933
5487.5 0.0054523204357052706
5488.0 0.005345399151720647
5488.5 0.00527478658652226
5489.0 0.005026023682282589
5489.5 0.004901464039325062
5490.0 0.004759317254698477
5490.5 0.004599545433491333
5491.0 0.004581655027872173
5491.5 0.004475780472894286
5492.0 0.004351067248114284
5492.5 0.004226281010105651
5493.0 0.004137822409522632
5493.5 0.004048130500481387
5494.0 0.003959573094455382
5494.5 0.003853343342047669
5495.0 0.0037459123033332176
5495.5 0.0036395968034066742
5496.0 0.003586132063912418
5496.5 0.003424529006642526
5497.0 0.0033004785567875236
5497.5 0.0032469403355205434
5498.0 0.0031040259511476574
5498.5 0.0030680941788901587
5499.0 0.0028898384763294867
5499.5 0.0028538702128325104
5500.0 0.00276497130550959
5500.5 0.0027478344364452755
5501.0 0.002676560314627189
5501.5 0.00255109655840176
5502.0 0.002460900261320365
5502.5 0.002426011665730787
5503.0 0.0023369220934276926
5503.5 0.0023007933102593228
5504.0 0.00213975216504707
5504.5 0.0021224283573962324
5505.0 0.002158134768377821
5505.5 0.0020865791002929756
5506.0 0.00199731330471698
5506.5 0.0019433830797091275
5507.0 0.0019436983504078807
5507.5 0.001872064593877703
5508.0 0.0018357927646313501
5508.5 0.0017464259542222282
5509.0 0.0016924412720678186
5509.5 0.0016927392223140148
5510.0 0.0015678895314343176
5510.5 0.001477251447281102
5511.0 0.0014420955860437966
5511.5 0.0013514134157076485
5512.0 0.001351658567048003
5512.5 0.0012987205538454072
