5417.5 0.0010504040712686826
5418.0 0.001732841483047087
5418.5 0.0014706309012316279
5419.0 0.0012083679857512165
5419.5 0.0009460427446942492
5420.0 0.0012088514610581387
5420.5 0.0012091443286775892
5421.0 0.0014721622658367313
5421.5 0.001735275886359223
5422.0 0.0014727924888143953
5422.5 0.0012101880635000087
5423.0 0.0012104190252339908
5423.5 0.0012106443524991918
5424.0 0.0012108665548046843
5424.5 0.0012110705923495354
5425.0 0.0014743799942539704
5425.5 0.0014745812891424626
5426.0 0.0
5426.5 0.0
5427.0 0.0010539043649006948
5427.5 0.0013173321526527646
5428.0 0.0010541800561109508
5428.5 0.0
5429.0 0.0
5429.5 0.0
5430.0 0.0
5430.5 0.0
5431.0 0.0010554328263547238
5431.5 0.0010556621235779827
5432.0 0.0010558801845643583
5432.5 0.0
5433.0 0.0
5433.5 0.0
5434.0 0.0
5434.5 0.0
5435.0 0.0
5435.5 0.0
5436.0 0.0
5436.5 0.0
5437.0 0.0
5437.5 0.0
5438.0 0.0
5438.5 0.0
5439.0 0.0
5439.5 0.0
5440.0 0.0
5440.5 0.0
5441.0 0.0
5441.5 0.0
5442.0 0.0
5442.5 0.0
5443.0 0.0
5443.5 0.0
5444.0 0.0
5444.5 0.0
5445.0 0.0
5445.5 0.0
5446.0 0.0
5446.5 0.0
5447.0 0.0
5447.5 0.0
5448.0 0.0
5448.5 0.0
5449.0 0.0
5449.5 0.0
5450.0 0.0
5450.5 0.0
5451.0 0.0
5451.5 0.0
5452.0 0.0
5452.5 0.0
5453.0 0.0
5453.5 0.0
5454.0 0.0
5454.5 0.0
5455.0 0.0
5455.5 0.0
5456.0 0.0
5456.5 0.0
5457.0 0.0
5457.5 0.0
5458.0 0.0
5458.5 0.0
5459.0 0.0
5459.5 0.0
5460.0 0.0
5460.5 0.0
5461.0 0.0
5461.5 0.0
5462.0 0.0
5462.5 0.0
5463.0 0.0
5463.5 0.0
5464.0 0.0
5464.5 0.0
5465.0 0.0
5465.5 0.0
5466.0 0.0
5466.5 0.0
5467.0 0.0
5467.5 0.0
5468.0 0.0
5468.5 0.0
5469.0 0.0009624508581099477
5469.5 0.0
5470.0 0.0
5470.5 0.0
5471.0 0.0
5471.5 0.0
5472.0 0.0
5472.5 0.0
5473.0 0.0
5473.5 0.0
5474.0 0.0
5474.5 0.0
5475.0 0.0
5475.5 0.0
5476.0 0.0
5476.5 0.0
5477.0 0.0
5477.5 0.0
5478.0 0.0010726369401231534
5478.5 0.0013408005230329827
5479.0 0.0
5479.5 0.0013412802962016802
5480.0 0.0016096744793433612
5480.5 0.0010736220818223109
5481.0 0.001342070861534644
5481.5 0.001610619015421454
5482.0 0.0013425824477359845
5482.5 0.0013428329783828409
5483.0 0.0010746353063758418
5483.5 0.001343308556671424
5484.0 0.0010750031625597367
5484.5 0.0
5485.0 0.0
5485.5 0.0
5486.0 0.0
5486.5 0.0
5487.0 0.0
5487.5 0.0
5488.0 0.0
5488.5 0.0
5489.0 0.0
5489.5 0.0
5490.0 0.0
5490.5 0.0
5491.0 0.0
5491.5 0.0
5492.0 0.0
5492.5 0.0
5493.0 0.0
5493.5 0.0
5494.0 0.0
5494.5 0.0
5495.0 0.0
5495.5 0.0
5496.0 0.0010793926253665437
5496.5 0.001618906835014295
5497.0 0.002158594430403974
5497.5 0.0026993489579204993
5498.0 0.0032393950709047378
5498.5 0.0032399356121476353
5499.0 0.0029705957208417443
5499.5 0.0027011764023630483
5500.0 0.0027016650707254054
5500.5 0.0029722080236305954
5501.0 0.0032428602896764805
5501.5 0.0035136126979587365
5502.0 0.0032440700738780113
5502.5 0.0032446523050876645
5503.0 0.002704645502287439
5503.5 0.0024347745611927227
5504.0 0.0021639119167826022
5504.5 0.002218359705845834
5505.0 0.0019482543095000952
5505.5 0.0020026682117422682
5506.0 0.002057108203752027
5506.5 0.0017868417746373475
5507.0 0.0017871316499861053
5507.5 0.001029497257831791
5508.0 0.0
5508.5 0.0
5509.0 0.0
5509.5 0.0
5510.0 0.0
5510.5 0.0
5511.0 0.0
5511.5 0.0
5512.0 0.0
5512.5 0.0
5513.0 0.0009772710337092852
5513.5 0.0
5514.0 0.0
5514.5 0.0
5515.0 0.0
5515.5 0.0
5516.0 0.0010868320584437596
5516.5 0.0010870097934753762
5517.0 0.0014130847197641589
5517.5 0.0021738498473376695
5518.0 0.002174213496561021
5518.5 0.002174582266523403
5519.0 0.0025019608261751826
5519.5 0.0021753398657747996
5520.0 0.0028290832612480575
5520.5 0.00282960242971216
5521.0 0.0020677568649049424
5521.5 0.002395422188516987
5522.0 0.0023958482443588443
5522.5 0.002396266417493445
5523.0 0.0027232605277583066
5523.5 0.0023970834447124903
5524.0 0.002069912890951063
5524.5 0.00207025605380222
5525.0 0.002507210486752618
5525.5 0.0017440826471538042
5526.0 0.0016898888770271866
5526.5 0.001962629592181429
5527.0 0.001962953497259123
5527.5 0.0022358331969865477
5528.0 0.0019090837814303885
5528.5 0.0021820538437638177
5529.0 0.0021824304374704227
5529.5 0.002456454207392994
5530.0 0.002456894103394109
5530.5 0.0027301806997207974
5531.0 0.0026760947157480337
5531.5 0.00371374256517558
5532.0 0.004425061695234133
5532.5 0.004098187116411182
5533.0 0.0036064525932887276
5533.5 0.0036070673499274787
5534.0 0.004045653835868519
5534.5 0.004046333068729377
5535.0 0.004757495837090497
5535.5 0.0044849783538830805
5536.0 0.004759081195490697
5536.5 0.00475987484362975
5537.0 0.005034118476861112
5537.5 0.005034965243309177
5538.0 0.005035818300428086
5538.5 0.005036679332512554
5539.0 0.005476264897159734
5539.5 0.005038432063464629
5540.0 0.005039327135658186
5540.5 0.005752960771523342
5541.0 0.006192112104325482
5541.5 0.006905279826489553
5542.0 0.006906480363629395
5542.5 0.007346923433327417
5543.0 0.007348173602153955
5543.5 0.007623477764233863
5544.0 0.008063329989054764
5544.5 0.008503322675940074
5545.0 0.008559573603692559
5545.5 0.00905464419313215
5546.0 0.009829564457560658
5546.5 0.010649759139420225
5547.0 0.011038358139074538
5547.5 0.011094163056865112
5548.0 0.011482992434264164
5548.5 0.011863010842915342
5549.0 0.012252145059134805
5549.5 0.012308375090505846
5550.0 0.012364556619272936
5550.5 0.012754061215094313
5551.0 0.01314377964284718
5551.5 0.013200107672294575
5552.0 0.012814907604647931
5552.5 0.01320466848581503
5553.0 0.013206920667298078
5553.5 0.013975559999007795
5554.0 0.015195346871153058
5554.5 0.015197898249243256
5555.0 0.015633433975846142
5555.5 0.016854093883652808
5556.0 0.017299134303174056
5556.5 0.017735244441346186
5557.0 0.01773823045077454
5557.5 0.018075310158072937
5558.0 0.018845950712472272
5558.5 0.019734271281298753
5559.0 0.02018035744052902
5559.5 0.021394497739170914
5560.0 0.02260920727756151
5560.5 0.023056036927216132
5561.0 0.024280476583087632
5561.5 0.02428476106885976
5562.0 0.02384598813641478
5562.5 0.024727488755595353
5563.0 0.02473179660823812
5563.5 0.02517935852521176
5564.0 0.02562715550587533
5564.5 0.026074988859742337
5565.0 0.02696665518913185
5565.5 0.02818440445218489
5566.0 0.028189194805230702
5566.5 0.028193966894234392
5567.0 0.028968683366396006
5567.5 0.029752760083580836
5568.0 0.030971908646794687
5568.5 0.031421193908241635
5569.0 0.032196887869714974
5569.5 0.0329818442652094
5570.0 0.03420235454913475
5570.5 0.03497887446108877
5571.0 0.035764741095132196
5571.5 0.03698645791114429
5572.0 0.03815413459731162
5572.5 0.03932225050000871
5573.0 0.040499938084520994
5573.5 0.041668921868322904
5574.0 0.043610111347051214
5574.5 0.04511610295915949
5575.0 0.04595958957701503
5575.5 0.046794221890513
5576.0 0.04752922469491425
5576.5 0.049473197539731124
5577.0 0.05031785612906912
5577.5 0.05149019057397414
5578.0 0.05266277423749607
5578.5 0.05383569293785706
5579.0 0.05623681054951979
5579.5 0.05741055932907763
5580.0 0.058193406738233984
5580.5 0.05943156265455138
5581.0 0.06099792918828435
5581.5 0.06189123935902491
5582.0 0.06356787022352837
5582.5 0.06480805935814811
5583.0 0.06726002055998714
5583.5 0.06927564220469364
5584.0 0.0709548690080101
5584.5 0.07263469411809033
5585.0 0.07542702854899945
5585.5 0.07710830806424125
5586.0 0.07912740209660503
5586.5 0.08204076968544746
5587.0 0.08327692595461449
5587.5 0.08529797718974348
5588.0 0.08809512360900269
5588.5 0.09089312143537397
5589.0 0.09299837674365702
5589.5 0.0962999236754168
5590.0 0.0987808368623573
5590.5 0.1016277132345252
5591.0 0.10292374064583704
5591.5 0.10577231035314277
5592.0 0.10953650818344353
5592.5 0.11229638640278448
5593.0 0.11523925652036746
5593.5 0.11845820334686356
5594.0 0.12177031717666909
5594.5 0.12380310786229437
5595.0 0.12793976611219637
5595.5 0.13162050353909197
5596.0 0.13530247236360704
5596.5 0.13825286484706695
5597.0 0.141571643197001
5597.5 0.14479931989319478
5598.0 0.1480279638710593
5598.5 0.15180650368012197
5599.0 0.15659406095853345
5599.5 0.16110845971559254
5600.0 0.16479946917056368
5600.5 0.16931581854586478
5601.0 0.17429300274469336
5601.5 0.17881271941306306
5602.0 0.18296799798668892
5602.5 0.18795031888046504
5603.0 0.19201741183135063
5603.5 0.19599361848537547
5604.0 0.20015486505675723
5604.5 0.20541867984912496
5605.0 0.21150951610520952
5605.5 0.21640948364434762
5606.0 0.2221375794539451
5606.5 0.22786752067918928
5607.0 0.23396596508248263
5607.5 0.2384134097270169
5608.0 0.24332243730480124
5608.5 0.24740465320849955
5609.0 0.2517644353225204
5609.5 0.25833047089536665
5610.0 0.26444014282625833
5610.5 0.270551068478565
5611.0 0.27712501519784655
5611.5 0.283240573234297
5612.0 0.2893583802345751
5612.5 0.2954794193146292
5613.0 0.3011416118516515
5613.5 0.30735856302429404
5614.0 0.31274892748898536
5614.5 0.31887838757373344
5615.0 0.3238121887083191
5615.5 0.3307737017911858
5616.0 0.3377374738663142
5616.5 0.3447034565478074
5617.0 0.35130266305418123
5617.5 0.35753586020882067
5618.0 0.36413890601512905
5618.5 0.3703757008119916
5619.0 0.376890590526539
5619.5 0.3843295552058456
5620.0 0.39103344567264847
5620.5 0.3990305684152774
5621.0 0.40601620171352504
5621.5 0.41383523306486564
5622.0 0.42377945689105384
5622.5 0.4304036960901311
5623.0 0.4386927995600374
5623.5 0.44698375885581615
5624.0 0.45444701471921767
5624.5 0.4632062794663688
5625.0 0.4702128232159405
5625.5 0.47722162634214516
5626.0 0.48497172341009365
5626.5 0.49244714897858716
5627.0 0.4991854992169644
5627.5 0.5074047109416666
5628.0 0.5161817471648331
5628.5 0.523666047601894
5629.0 0.5315218542889928
5629.5 0.5386412305620176
5630.0 0.5449299795404386
5630.5 0.5531644043302496
5631.0 0.5607538814334125
5631.5 0.567513695162251
5632.0 0.5751088790773536
5632.5 0.5830777623570975
5633.0 0.5927176573711307
5633.5 0.6011558250615797
5634.0 0.6082993420505535
5634.5 0.6170209768752721
5635.0 0.6234283083886345
5635.5 0.6301166419387687
5636.0 0.6372696621549133
5636.5 0.6434985105500715
5637.0 0.649356716632063
5637.5 0.6565166710855813
5638.0 0.6615437339241786
5638.5 0.6683355865396656
5639.0 0.675407687870704
5639.5 0.6799754735294651
5640.0 0.6857516709879982
5640.5 0.6906024604707244
5641.0 0.6956400555734779
5641.5 0.7007730426891512
5642.0 0.7071144837328238
5642.5 0.7122513996051733
5643.0 0.7181334192176345
5643.5 0.7237377726713081
5644.0 0.7285078825280183
5644.5 0.7344891560049029
5645.0 0.740936319102738
5645.5 0.747385493396874
5646.0 0.7539302712572711
5646.5 0.7600107348026675
5647.0 0.7626504173530029
5647.5 0.7700372212635093
5648.0 0.7752851241047843
5648.5 0.7805343806390366
5649.0 0.7840164227485877
5649.5 0.7883372839248804
5650.0 0.7933110829350432
5650.5 0.7973562433767241
5651.0 0.8026143506078424
5651.5 0.8066631126554403
5652.0 0.8114590270540261
5652.5 0.8147654258282121
5653.0 0.8180720526374478
5653.5 0.82072783113518
5654.0 0.8234773876443566
5654.5 0.8252948598238596
5655.0 0.8295395418307931
5655.5 0.8319189274197728
5656.0 0.8359778139111389
5656.5 0.8396659520704272
5657.0 0.8425131527191856
5657.5 0.8462017768516717
5658.0 0.8494251542601392
5658.5 0.8518070665860549
5659.0 0.8541906758415224
5659.5 0.8570414002271919
5660.0 0.8598013335356144
5660.5 0.8613465453747662
5661.0 0.8636404690860204
5661.5 0.865187608348827
5662.0 0.8666414095934248
5662.5 0.8686578032001424
5663.0 0.8695531200779298
5663.5 0.8705409691791612
5664.0 0.8702194964541187
5664.5 0.8698046717977675
5665.0 0.8729470882335721
5665.5 0.8746847666338
5666.0 0.8729583640856827
5666.5 0.8725428697679827
5667.0 0.8721268564470771
5667.5 0.8717092436394096
5668.0 0.8688549067270213
5668.5 0.869562092682705
5669.0 0.8712058839956308
5669.5 0.8716315186807766
5670.0 0.8732773972312531
5670.5 0.873141535709873
5671.0 0.8752566938928318
5671.5 0.8773727293955695
5672.0 0.8764874646594392
5672.5 0.8777605141971145
5673.0 0.876029860220565
5673.5 0.8751430057196495
5674.0 0.8768859648742047
5674.5 0.8790055003632644
5675.0 0.881124569763997
5675.5 0.8819294400675649
5676.0 0.8844255558610381
5676.5 0.8852307209444675
5677.0 0.8835912298695772
5677.5 0.8835492881429723
5678.0 0.8821912452587654
5678.5 0.8843114594120803
5679.0 0.8826709120691235
5679.5 0.8809352065216306
5680.0 0.883150178737776
5680.5 0.8832028786864677
5681.0 0.8841022803712778
5681.5 0.8832141246587248
5682.0 0.882513309484003
5682.5 0.884261443740077
5683.0 0.8838441938857673
5683.5 0.8822014455092463
5684.0 0.8823487680747184
5684.5 0.881742529518582
5685.0 0.8821724481328231
5685.5 0.8810946951788571
5686.0 0.8812420163077991
5686.5 0.8800687951524316
5687.0 0.8809702093665553
5687.5 0.8791369644133256
5688.0 0.8799444382671996
5688.5 0.8797135007136367
5689.0 0.8789165207953774
5689.5 0.8795349934648296
5690.0 0.8792094390747793
5690.5 0.877562343065206
5691.0 0.8777083089504432
5691.5 0.8783265052580799
5692.0 0.8789448269381784
5692.5 0.8795632810377996
5693.0 0.8798034574189402
5693.5 0.8805162376999871
5694.0 0.8809468471524879
5694.5 0.8812813518192233
5695.0 0.8825626013853964
5695.5 0.8842229772573775
5696.0 0.8830449938761589
5696.5 0.8830973713815312
5697.0 0.8849470391538187
5697.5 0.8847149839490543
5698.0 0.8858084818628437
5698.5 0.8847250691156123
5699.0 0.8828840082109519
5699.5 0.8838824787620082
5700.0 0.8816614281318774
5700.5 0.8815240956350552
5701.0 0.881007291716005
5701.5 0.8809640769835785
5702.0 0.8816797585550272
5702.5 0.8820157922856949
5703.0 0.8809284342671582
5703.5 0.8815483063008549
5704.0 0.8797026266477496
5704.5 0.8813652920885238
5705.0 0.8794243077442557
5705.5 0.8786205324399663
5706.0 0.8792401265959516
5706.5 0.8794798439533633
5707.0 0.8819987041283296
5707.5 0.8813851562420301
5708.0 0.8824808445202208
5708.5 0.8838618399199692
5709.0 0.8841988969055434
5709.5 0.8852006361509149
5710.0 0.886013775237947
5710.5 0.8857823327220726
5711.0 0.886310097451084
5711.5 0.8880746715229462
5712.0 0.890600143787344
5712.5 0.8887513557522595
5713.0 0.8914667466687225
5713.5 0.8950406229543704
5714.0 0.8950932794485001
5714.5 0.8947657323079872
5715.0 0.8934860345014175
5715.5 0.8944912736335747
5716.0 0.8959729199363502
5716.5 0.8958346894562221
5717.0 0.8981747567513693
5717.5 0.8990855042047444
5718.0 0.8987580768619564
5718.5 0.8984306297570738
5719.0 0.9008668386470706
5719.5 0.9023516888846933
5720.0 0.9016432875586975
5720.5 0.903987753149129
5721.0 0.9031843744198339
5721.5 0.9034295578461289
5722.0 0.9054879817024624
5722.5 0.9072608629202447
5723.0 0.9083658544803266
5723.5 0.9097572483159713
5724.0 0.9115312916205427
5724.5 0.9112047011871253
5725.0 0.9112592729118525
5725.5 0.9103595092916695
5726.0 0.9114652587953903
5726.5 0.9129538790073993
5727.0 0.9134860738799553
5727.5 0.9126806888603161
5728.0 0.9134051964969628
5728.5 0.9127896552821879
5729.0 0.9125577800164435
5729.5 0.9128029003196284
5730.0 0.9131442567411315
5730.5 0.913007448726374
5731.0 0.9136362368256322
5731.5 0.912542805089287
5732.0 0.9125018167469944
5732.5 0.9125562960621106
5733.0 0.9117496826133551
5733.5 0.9133373320232026
5734.0 0.9127225090763799
5734.5 0.9109575699817344
5735.0 0.9088093502792262
5735.5 0.9080015107411907
5736.0 0.9093978173772784
5736.5 0.9090689521746915
5737.0 0.9105610755471341
5737.5 0.9079308466332385
5738.0 0.9067372759465769
5738.5 0.9069831396396499
5739.0 0.9084748997313209
5739.5 0.9101600190657165
5740.0 0.9111725275999448
5740.5 0.9122824312251495
5741.0 0.9124330240252236
5741.5 0.9116237711884693
5742.0 0.911102537411937
5742.5 0.9118310876836875
5743.0 0.9122710390122716
5743.5 0.910597011038325
5744.0 0.9091160254950085
5744.5 0.9103249030394441
5745.0 0.9094198715147275
5745.5 0.9106291402351784
5746.0 0.9118386917598501
5746.5 0.9117992400705175
5747.0 0.9086796323392307
5747.5 0.9058481999335557
5748.0 0.9036883035271415
5748.5 0.9022981664367475
5749.0 0.9030244245224106
5749.5 0.9028848505142723
5750.0 0.9037082282787743
5750.5 0.9031830215457782
5751.0 0.9036210152459806
5751.5 0.904444988560613
5752.0 0.9048833405226249
5752.5 0.9030092666301026
5753.0 0.9006514903041117
5753.5 0.901089326095791
5754.0 0.8980561681766271
5754.5 0.8974330859834536
5755.0 0.9013436390458466
5755.5 0.9012991337223473
5756.0 0.9012544874702928
5756.5 0.9012096851622794
5757.0 0.8999100871252288
5757.5 0.8993820126385401
5758.0 0.9003991272657582
5758.5 0.9013191500550538
5759.0 0.8986663948505216
5759.5 0.8996824835893525
5760.0 0.8988638481243139
5760.5 0.8999778642272461
5761.0 0.9013821619067331
5761.5 0.9014343346618672
5762.0 0.901582893071087
5762.5 0.9008608494393214
5763.0 0.8984952805235524
5763.5 0.8999008716978208
5764.0 0.9001467770410018
5764.5 0.900391657139323
5765.0 0.901024083938134
5765.5 0.9011726287371566
5766.0 0.8990946144623411
5766.5 0.8974998852226689
5767.0 0.8993903899010977
5767.5 0.8990537243852982
5768.0 0.8989107266908885
5768.5 0.8990580298585635
5769.0 0.900367377790666
5769.5 0.898868096809825
5770.0 0.8997908396646697
5770.5 0.9017801044158861
5771.0 0.9010562190314598
5771.5 0.9007194980233607
5772.0 0.899121904466591
5772.5 0.898299766111749
5773.0 0.8973797014704923
5773.5 0.8953921892790632
5774.0 0.8958317266102322
5774.5 0.8959792529884343
5775.0 0.8946702619441138
5775.5 0.8932629816567739
5776.0 0.8942844435798584
5776.5 0.8944313396588908
5777.0 0.8941890306488676
5777.5 0.8951128533939195
5778.0 0.896815295620074
5778.5 0.8948234063700934
5779.0 0.8957476780918509
5779.5 0.894435962445784
5780.0 0.89584696752343
5780.5 0.8977460466399737
5781.0 0.898185489355998
5781.5 0.9000847977711711
5782.0 0.9011095571172458
5782.5 0.9018418395595401
5783.0 0.9047163955418883
5783.5 0.9058394218718012
5784.0 0.906475830031651
5784.5 0.9057493569079345
5785.0 0.907748967065256
5785.5 0.9079965234579376
5786.0 0.906390902620497
5786.5 0.9083921381511896
5787.0 0.9102957783181796
5787.5 0.910835596417276
5788.0 0.9113744518189604
5788.5 0.9118174026393217
5789.0 0.912747150664046
5789.5 0.9148481858971382
5790.0 0.9149983728558517
5790.5 0.9180765227053318
5791.0 0.9193006970735145
5791.5 0.9224789111907502
5792.0 0.9240952430616813
5792.5 0.9256137870688592
5793.0 0.9248875392949697
5793.5 0.9277747110110983
5794.0 0.9282200583345567
5794.5 0.9284697789313797
5795.0 0.9274501161840032
5795.5 0.9276995045308413
5796.0 0.928633482106021
5796.5 0.929763462036781
5797.0 0.9311869169920072
5797.5 0.9313393076155372
5798.0 0.9313942515204836
5798.5 0.9296869416054749
5799.0 0.9294480708243728
5799.5 0.9277397137070456
5800.0 0.9269122393865808
5800.5 0.9284348063960537
5801.0 0.9281941541830677
5801.5 0.9268763410391457
5802.0 0.9284969144402724
5802.5 0.9281583465118273
5803.0 0.9290933142971454
5803.5 0.9314997530631165
5804.0 0.9310626118639912
5804.5 0.9307239467704755
5805.0 0.9305813961831721
5805.5 0.9318110307980617
5806.0 0.9326492029649956
5806.5 0.9366271793834782
5807.0 0.9351108550026649
5807.5 0.9359497684388544
5808.0 0.9379659585598098
5808.5 0.9392965125071663
5809.0 0.9398423027813224
5809.5 0.9403873155830422
5810.0 0.94093373742012
5810.5 0.9434452030428344
5811.0 0.9445816860551048
5811.5 0.9457186305108352
5812.0 0.9465602823110275
5812.5 0.9469117888396881
5813.0 0.9479517809051133
5813.5 0.9484992879244888
5814.0 0.9506210293129682
5814.5 0.9493006497729978
5815.0 0.9509311606835527
5815.5 0.9514802341722579
5816.0 0.9507492219891663
5816.5 0.9512003256257048
5817.0 0.9533241800833694
5817.5 0.9533803631861621
5818.0 0.956292699347842
5818.5 0.9564483601883392
5819.0 0.9570965199294691
5819.5 0.9580412297217972
5820.0 0.9590831786637188
5820.5 0.9625903174223331
5821.0 0.963239486859186
5821.5 0.9634939972184972
5822.0 0.9662146829388709
5822.5 0.9659765412706929
5823.0 0.9663307502517134
5823.5 0.9690520453309148
5824.0 0.9707885889314579
5824.5 0.9703533112335163
5825.0 0.9707083005613111
5825.5 0.973925456735268
5826.0 0.9716150892659747
5826.5 0.9720697264882039
5827.0 0.9739054370361139
5827.5 0.9726810658233315
5828.0 0.9738267153728587
5828.5 0.9728970280997042
5829.0 0.9734505176464536
5829.5 0.9743989013613755
5830.0 0.9745569268924333
5830.5 0.976099690100922
5831.0 0.9789283156874142
5831.5 0.9784930178383584
5832.0 0.9810263369114817
5832.5 0.9807892539766903
5833.0 0.982234505581652
5833.5 0.9827900845444169
5834.0 0.9848306185207131
5834.5 0.9873657079133558
5835.0 0.9908928599803781
5835.5 0.9932324650774821
5836.0 0.9937889834373619
5836.5 0.9952376878578111
5837.0 0.9950032582074989
5837.5 0.9974435509550923
5838.0 0.9981994018983292
5838.5 0.9986593635511645
5839.0 0.9999113212166119
5839.5 0.999974541527864
5840.0 0.9988462770798334
5840.5 1.0
5841.0 0.9998645118942251
5841.5 0.9987366516497923
5842.0 0.9996920863788458
5842.5 0.999158849504536
5843.0 0.9967397268447271
5843.5 0.9968020527301892
5844.0 0.9991471232061155
5844.5 0.9982164657417445
5845.0 0.9995700841039976
5845.5 0.9980423116369809
5846.0 0.9953213267077884
5846.5 0.9943893292105382
5847.0 0.9928599504599808
5847.5 0.9936176571013883
5848.0 0.9930820833159933
5848.5 0.9934418988029514
5849.0 0.9932044190263813
5849.5 0.9931661242917919
5850.0 0.9912380208749749
5850.5 0.9904036357533662
5851.0 0.9890713368361979
5851.5 0.9881361234054461
5852.0 0.9862060144031402
5852.5 0.9859673392063613
5853.0 0.9845342873096762
5853.5 0.9831007725871173
5854.0 0.9814662122600951
5854.5 0.9790352287479814
5855.0 0.9774005120238866
5855.5 0.9756648845221617
5856.0 0.9737301164694089
5856.5 0.9718939263449633
5857.0 0.9702567335336159
5857.5 0.9675210726333152
5858.0 0.9646850955755434
5858.5 0.9619474228799535
5859.0 0.9572139686296786
5859.5 0.9544739323477691
5860.0 0.9518333397607762
5860.5 0.9496909643023819
5861.0 0.9468486164352484
5861.5 0.942806573845697
5862.0 0.9425587344495352
5862.5 0.9417117437535125
5863.0 0.9379673342429018
5863.5 0.9348208503143195
5864.0 0.9321719794332106
5864.5 0.9285236041682312
5865.0 0.925274402304459
5865.5 0.9211225731655309
5866.0 0.9179706683233078
5866.5 0.9162186616398162
5867.0 0.9145646063488586
5867.5 0.9114101129581195
5868.0 0.9057525364330928
5868.5 0.8997930762138739
5869.0 0.8976347936808304
5869.5 0.8939749711024402
5870.0 0.888410762711572
5870.5 0.8829455856901015
5871.0 0.8793813526650277
5871.5 0.8743129674864883
5872.0 0.8692439866144196
5872.5 0.8646733611455231
5873.0 0.860101205691164
5873.5 0.855527520404377
5874.0 0.8500504684624552
5874.5 0.843066097358222
5875.0 0.8375851618525993
5875.5 0.8320014218823929
5876.0 0.8276201523591407
5876.5 0.8236392904046941
5877.0 0.8156410242918124
5877.5 0.810652942039283
5878.0 0.8056632022749332
5878.5 0.8009717550801871
5879.0 0.7958787496708013
5879.5 0.7902806803594877
5880.0 0.7852831480135641
5880.5 0.7791802562935615
5881.0 0.7725718936604835
5881.5 0.7670667753821121
5882.0 0.7618624492692498
5882.5 0.7548467846331999
5883.0 0.7474261869620262
5883.5 0.7409078269754683
5884.0 0.7340868942647966
5884.5 0.7271624802462575
5885.0 0.7206376888191967
5885.5 0.7126021117107408
5886.0 0.7052676782342341
5886.5 0.6992405741161143
5887.0 0.6912977355446935
5887.5 0.6833522501873256
5888.0 0.6748001584129084
5888.5 0.6677553142681718
5889.0 0.6593994756896333
5889.5 0.6523496997117503
5890.0 0.6448950630900165
5890.5 0.6388497459535398
5891.0 0.63260050539469
5891.5 0.6246345760507483
5892.0 0.6169683636864168
5892.5 0.6087952227712056
5893.0 0.6003169256920472
5893.5 0.592340391338607
5894.0 0.583251495512937
5894.5 0.5738559229152989
5895.0 0.5647610508204879
5895.5 0.5562686285938707
5896.0 0.5481767502404198
5896.5 0.5402855902197524
5897.0 0.5325930404516929
5897.5 0.5248980083013212
5898.0 0.5159876141037474
5898.5 0.507075455128504
5899.0 0.49815927078955885
5899.5 0.4915664950677179
5900.0 0.48507235584172353
5900.5 0.4761485558509394
5901.0 0.46904364411875543
5901.5 0.4615314374335068
5902.0 0.45553467428515526
5902.5 0.44741015940387585
5903.0 0.4408024480931421
5903.5 0.4343942227943883
5904.0 0.42727608364380376
5904.5 0.4191429844865234
5905.0 0.41130976748987785
5905.5 0.40408356572989723
5906.0 0.39796791392451497
5906.5 0.39154757174570487
5907.0 0.38583364704306944
5907.5 0.37687391138206133
5908.0 0.3685201723877596
5908.5 0.36269866459230465
5909.0 0.35717927793291704
5909.5 0.3516580739037689
5910.0 0.3443092248240402
5910.5 0.3383777544672334
5911.0 0.33183588343146136
5911.5 0.3268142809552408
5912.0 0.32189208277997566
5912.5 0.31554754149136494
5913.0 0.3090998302633912
5913.5 0.3029533697253652
5914.0 0.29660265293473015
5914.5 0.2900464774229358
5915.0 0.283691630655217
5915.5 0.2795696007571782
5916.0 0.2742274440171087
5916.5 0.26807054339902175
5917.0 0.2621141365048173
5917.5 0.25605455945614314
5918.0 0.25141734086822115
5918.5 0.24677751670291162
5919.0 0.24234103364400442
5919.5 0.23566322720412866
5920.0 0.22908577631509597
5920.5 0.22505096296976368
5921.0 0.221422572729959
5921.5 0.2163671413951561
5922.0 0.2123284841517384
5922.5 0.2082885550646784
5923.0 0.20383942185460296
5923.5 0.1993899797741523
5924.0 0.1956515261637317
5924.5 0.19354322243097055
5925.0 0.19000669358383335
5925.5 0.18687613909417328
5926.0 0.18231767243417624
5926.5 0.17826762417077824
5927.0 0.1742162521649034
5927.5 0.17159224614109594
5928.0 0.16835451967053516
5928.5 0.16572871277896523
5929.0 0.1629993221510274
5929.5 0.1608810990880671
5930.0 0.15753790611493415
5930.5 0.15490867007677042
5931.0 0.15258476229416643
5931.5 0.14974825139944065
5932.0 0.14650395881006104
5932.5 0.14233742906573132
5933.0 0.13847704079151874
5933.5 0.13471717137569258
5934.0 0.13289890162057136
5934.5 0.13005757475735366
5935.0 0.12803320272581598
5935.5 0.12570155474268777
5936.0 0.1243909824154366
5936.5 0.12103486327182642
5937.0 0.11808742331941614
5937.5 0.11503601406962577
5938.0 0.11321105616491381
5938.5 0.11169397984670902
5939.0 0.1092544112606501
5939.5 0.10691645848728532
5940.0 0.10488502314738067
5940.5 0.10242263854780337
5941.0 0.10043083308435997
5941.5 0.09945282216083412
5942.0 0.09745988205565886
5942.5 0.09547650250000478
5943.0 0.09299006571303715
5943.5 0.09100532682268658
5944.0 0.08850716285385753
5944.5 0.08752627055603182
5945.0 0.08603211261441206
5945.5 0.08366542939044519
5946.0 0.08167759399535397
5946.5 0.07906294980042006
5947.0 0.07806951497120374
5947.5 0.07657262480038989
5948.0 0.07458237885774088
5948.5 0.0740910567870773
5949.0 0.07360970036798041
5949.5 0.07148451835125942
5950.0 0.06949222905110446
5950.5 0.06799259152765846
5951.0 0.0670065308860829
5951.5 0.0655060362119736
5952.0 0.06401530332581115
5952.5 0.06251396916519365
5953.0 0.06151594998489453
5953.5 0.06089835780841334
5954.0 0.05940603693831209
5954.5 0.05790287232836099
5955.0 0.05640946808331318
5955.5 0.0549054487550418
5956.0 0.05391558983045106
5956.5 0.05203993450082755
5957.0 0.05053437422050211
5957.5 0.04966695589245211
5958.0 0.04967490257399079
5958.5 0.04879669098397527
5959.0 0.04780499699479548
5959.5 0.04642123808997886
5960.0 0.04593376442336397
5960.5 0.04454925452583501
5961.0 0.04317467752752011
5961.5 0.04167576382787388
5962.0 0.04168240992162409
5962.5 0.04168905549453247
5963.0 0.04080838311199969
5963.5 0.04081488765407835
5964.0 0.04043947632129278
5964.5 0.039320770973848125
5965.0 0.03894500003119546
5965.5 0.0383212291845671
5966.0 0.036809204056500094
5966.5 0.03530686658379628
5967.0 0.034930209319311185
5967.5 0.03430550588853705
5968.0 0.03280215738200223
5968.5 0.031670388011137834
5969.0 0.030538255433667612
5969.5 0.030543111358145674
5970.0 0.02903808155806681
5970.5 0.027522272484849793
5971.0 0.0268956730914313
5971.5 0.025761866714182815
5972.0 0.024627698724194395
5972.5 0.024631605140972613
5973.0 0.02350720163059548
5973.5 0.02351092945355002
5974.0 0.022624226468341287
5974.5 0.02301100136010382
5975.0 0.02238275899749077
5975.5 0.02187876306501578
5976.0 0.021882222371917035
5976.5 0.021885682674906114
5977.0 0.021505647951675755
5977.5 0.020627958423871707
5978.0 0.020631226522971734
5978.5 0.02025081960819583
5979.0 0.019745937687953075
5979.5 0.01974907891011476
5980.0 0.019378692763669044
5980.5 0.01899786351162903
5981.0 0.018118825708412736
5981.5 0.017229174986737376
5982.0 0.017616040978386226
5982.5 0.017234690648350617
5983.0 0.016728576771724117
5983.5 0.015848440148299628
5984.0 0.015850926120757395
5984.5 0.015469102437005347
5985.0 0.015855868725170495
5985.5 0.015858336659033752
5986.0 0.015860809886708144
5986.5 0.015353989018621663
5987.0 0.015356409520932923
5987.5 0.014974078209939764
5988.0 0.014976485463517965
5988.5 0.015363822339538457
5989.0 0.0158760774792838
5989.5 0.015368945196769662
5990.0 0.01498648521520548
5990.5 0.014989100438009753
5991.0 0.014106819425643598
5991.5 0.014619596604217917
5992.0 0.013726459778632544
5992.5 0.013728882245396415
5993.0 0.013731305132139266
5993.5 0.013733728438984716
5994.0 0.012850283522213015
5994.5 0.01285255133205931
5995.0 0.011958258152870481
5995.5 0.011459871208877054
5996.0 0.010950810170703262
5996.5 0.010566788947641967
5997.0 0.010061613318764293
5997.5 0.010570518855573011
5998.0 0.009682135462900195
5998.5 0.009174445216042484
5999.0 0.009176064273035725
5999.5 0.009177683611098247
6000.0 0.008797043181666487
6000.5 0.00879859562330813
6001.0 0.008417764787604655
6001.5 0.007525807019076719
6002.0 0.008037143326951001
6002.5 0.008038526767990923
6003.0 0.008039904215727945
6003.5 0.00804128416430925
6004.0 0.008554105974356596
6004.5 0.008044085563710977
6005.0 0.008045524026099817
6005.5 0.007536346488670998
6006.0 0.007920828933113218
6006.5 0.007922374580762405
6007.0 0.007540752754890068
6007.5 0.007031240407820387
6008.0 0.007416068205955074
6008.5 0.00690635097145296
6009.0 0.0069077985132128
6009.5 0.007292849552162844
6010.0 0.006782768348484418
6010.5 0.006784160019520427
6011.0 0.006785551771422229
6011.5 0.0060180384420726206
6012.0 0.00550726414777836
6012.5 0.005508393066031769
6013.0 0.005509522148177829
6013.5 0.00551065151301632
6014.0 0.005127451607354957
6014.5 0.005128503080801663
6015.0 0.005129555149260332
6015.5 0.004746053164641536
6016.0 0.004361336224781388
6016.5 0.0043622323070190445
6017.0 0.004363128942242045
6017.5 0.004364026024983268
6018.0 0.004364923449709579
6018.5 0.004365821110780601
6019.0 0.004366718902469287
6019.5 0.005652638622477345
6020.0 0.00526853369738647
6020.5 0.0052696164375866566
6021.0 0.005270699498111561
6021.5 0.005271782814649038
6022.0 0.005658449933598885
6022.5 0.005273949938645861
6023.0 0.005275033607407215
6023.5 0.005276117254805769
6024.0 0.005663101391161484
6024.5 0.005278284207504012
6025.0 0.004377497422756016
6025.5 0.003992257105859979
6026.0 0.0036068466511746874
6026.5 0.0032212892719895767
6027.0 0.003221949170019432
6027.5 0.0023198145650190584
6028.0 0.002706823519701237
6028.5 0.0023207647306870186
6029.0 0.0019345361813231305
6029.5 0.0015481609574403575
6030.0 0.0015484780354687868
6030.5 0.001548795180748849
6031.0 0.0015491124022128009
6031.5 0.0015494296891505482
6032.0 0.001162579364621975
6032.5 0.0011628174590631868
6033.0 0.0011630555785169775
6033.5 0.0015506992774888548
6034.0 0.0019385016019491676
6034.5 0.0019388983653147178
6035.0 0.001551651631124084
6035.5 0.0019396918375451362
6036.0 0.0015522864548570743
6036.5 0.0015526038616906004
6037.0 0.0015529212940146495
6037.5 0.0015532387734984066
6038.0 0.001553556321787218
6038.5 0.00155387396057496
6039.0 0.0015541917069089681
6039.5 0.0015545095326559956
6040.0 0.001554827428767242
6040.5 0.0019436617240152622
6041.0 0.0019440592369191784
6041.5 0.0015557815871605743
6042.0 0.001167345035783381
6042.5 0.0015564180551399234
6043.0 0.0024642173952006815
6043.5 0.00207571641620551
6044.0 0.0020761409209365165
6044.5 0.0020765654860387664
6045.0 0.0020769900962478386
6045.5 0.002077414743437647
6046.0 0.001688448258262451
6046.5 0.0016887934409137123
6047.0 0.001689138709284465
6047.5 0.002079114156305083
6048.0 0.0016898295782827306
6048.5 0.0013003740934280762
6049.0 0.001300640094144493
6049.5 0.0022108026119936892
6050.0 0.0026012836733246714
6050.5 0.0026018161618489005
6051.0 0.0016919054398215221
6051.5 0.0016922521540163734
6052.0 0.002082947387387591
6052.5 0.00208337414326708
6053.0 0.002083800731216437
6053.5 0.0020842270117550285
6054.0 0.002084652845314686
6054.5 0.002085078092436684
6055.0 0.0024763417172156696
6055.5 0.00208592694154977
6056.0 0.002086350938279541
6056.5 0.0024778523346576705
6057.0 0.00208719911481168
6057.5 0.0011747619890867512
