5940.0 0.0011918065673959984
5940.5 0.0010888144281411827
5941.0 0.0011478220171303336
5941.5 0.0011480051933119213
5942.0 0.0012514308660246686
5942.5 0.0012516303690403134
5943.0 0.0014284541411851025
5943.5 0.0013253897771427665
5944.0 0.0015022814835517556
5944.5 0.0016647555559926605
5945.0 0.001768351446281318
5945.5 0.0020931954085400425
5946.0 0.0021969026273837428
5946.5 0.002299669978549955
5947.0 0.0023744505286898625
5947.5 0.0026106610080309164
5948.0 0.0025376103985819526
5948.5 0.002538014010043137
5949.0 0.002640917503430946
5949.5 0.002641338314594589
5950.0 0.002641759751579992
5950.5 0.0028192390640109912
5951.0 0.0029087039772290944
5951.5 0.003012725334881505
5952.0 0.002938674316114077
5952.5 0.0029391454515472443
5953.0 0.0028369859851829697
5953.5 0.0026747501012753176
5954.0 0.002837895582982531
5954.5 0.002911968597646124
5955.0 0.0029124348066900843
5955.5 0.002735570670644096
5956.0 0.002736008651586359
5956.5 0.0029138338962233132
5957.0 0.0029143003194593287
5957.5 0.0030185215066549217
5958.0 0.003181929781725184
5958.5 0.003107760197632882
5959.0 0.0031082570910708524
5959.5 0.003183456251721001
5960.0 0.003183964769959791
5960.5 0.003258243656840421
5961.0 0.0034364062176393604
5961.5 0.003703949441152866
5962.0 0.0035414065285983578
5962.5 0.003734266764675934
5963.0 0.003824228868191237
5963.5 0.004002622691224511
5964.0 0.0043443109020469
5964.5 0.004611286323123256
5965.0 0.0048793144702165055
5965.5 0.004953969798794541
5966.0 0.004866285660019237
5966.5 0.005134482029084676
5967.0 0.005135300020828233
5967.5 0.005224633880040256
5968.0 0.005566961602192559
5968.5 0.005760511250045761
5969.0 0.0059551015576596545
5969.5 0.005956048485465929
5970.0 0.006223734116700892
5970.5 0.006121517015098356
5971.0 0.006122488815531104
5971.5 0.006316307746449165
5972.0 0.006243279281289913
5972.5 0.006169246631915512
5973.0 0.006333930756379333
5973.5 0.006602951694271837
5974.0 0.006692696635392915
5974.5 0.006590419372643175
5975.0 0.0067698972781811174
5975.5 0.006949431398014595
5976.0 0.006950530190300066
5976.5 0.0070257760552880685
5977.0 0.007190800474441645
5977.5 0.007266098269131346
5978.0 0.007431225029694595
5978.5 0.007611036837445225
5979.0 0.007790907188920114
5979.5 0.007956189636103644
5980.0 0.008285606759124821
5980.5 0.008555541844809125
5981.0 0.008556909905599689
5981.5 0.00855827932116394
5982.0 0.008827406660094508
5982.5 0.009202186870290795
5983.0 0.009203653860991104
5983.5 0.00947300371262907
5984.0 0.009669077356793931
5984.5 0.009759592256310045
5985.0 0.010026190182055878
5985.5 0.010389728081972775
5986.0 0.010498980108068589
5986.5 0.010764852700382478
5987.0 0.01104058595385869
5987.5 0.011306674994671253
5988.0 0.011416149753044788
5988.5 0.011486577821083732
5989.0 0.011762690389634272
5989.5 0.012029174796124061
5990.0 0.01230554188894364
5990.5 0.012572287759751501
5991.0 0.013113557795164894
5991.5 0.013115886522331817
5992.0 0.013284905433628579
5992.5 0.013826584844004732
5993.0 0.014093857551223946
5993.5 0.01400801596111294
5994.0 0.01417730134380458
5994.5 0.014444776160360474
5995.0 0.014810492379892848
5995.5 0.014921044392110387
5996.0 0.015188790750702914
5996.5 0.0155548305555494
5997.0 0.015822674869799838
5997.5 0.016297076757851248
5998.0 0.0163982042107507
5998.5 0.016568068956604672
5999.0 0.016767564993091996
5999.5 0.017203102196855915
6000.0 0.017481414785905987
6000.5 0.01755335800192283
6001.0 0.017635118561955588
6001.5 0.01790385435126149
6002.0 0.018467813146665967
6002.5 0.018844916621649353
6003.0 0.01913361772009522
6003.5 0.01948144397407632
6004.0 0.01993767593641148
6004.5 0.0202956390604276
6005.0 0.02058493983024197
6005.5 0.020844798095645677
6006.0 0.021380836349364257
6006.5 0.02167084210910231
6007.0 0.02212855815694912
6007.5 0.022685138727578172
6008.0 0.023242121271424835
6008.5 0.023917642184118473
6009.0 0.02447505274504346
6009.5 0.025042606497645326
6010.0 0.02539320042858592
6010.5 0.02566495280400337
6011.0 0.026213241739142967
6011.5 0.026672832768894775
6012.0 0.027231489863325704
6012.5 0.02778042988233027
6013.0 0.028507434515542215
6013.5 0.029056858779875537
6014.0 0.02982400649076449
6014.5 0.030818856291513846
6015.0 0.03138889407342143
6015.5 0.03187994973785106
6016.0 0.03244059325503234
6016.5 0.032902406394975645
6017.0 0.03366133559087847
6017.5 0.03475720478846351
6018.0 0.03541792061790818
6018.5 0.036415564586863826
6019.0 0.03687866912264507
6019.5 0.03788699173082133
6020.0 0.03835058250591772
6020.5 0.03929021163210259
6021.0 0.03995255334163978
6021.5 0.040793737507223746
6022.0 0.04160542509794697
6022.5 0.042169446299688926
6023.0 0.042902499348652555
6023.5 0.043734981024074464
6024.0 0.044637304088115067
6024.5 0.045460589938921415
6025.0 0.04630398124115103
6025.5 0.04687963165697238
6026.0 0.04826013497470695
6026.5 0.049104708629645694
6027.0 0.05049611709917805
6027.5 0.05126198468439025
6028.0 0.052386041760448136
6028.5 0.053212117518554175
6029.0 0.054227663363707136
6029.5 0.05544248380137992
6030.0 0.05646880667336804
6030.5 0.0576448350336511
6031.0 0.058930799410062795
6031.5 0.06057578989496126
6032.0 0.06197237726483792
6032.5 0.06318034645449488
6033.0 0.06455819394300048
6033.5 0.06621559175647125
6034.0 0.06767432796512969
6034.5 0.06913365580897832
6035.0 0.07070321044954497
6035.5 0.07263248965650643
6036.0 0.07446280204300042
6036.5 0.07611429354795615
6037.0 0.0782154012920285
6037.5 0.08015771108215798
6038.0 0.08198110236107999
6038.5 0.08401488114243769
6039.0 0.08592962265558414
6039.5 0.08796492761968684
6040.0 0.08998116667219774
6040.5 0.09217819419176919
6041.0 0.09407614801866875
6041.5 0.09599489162957613
6042.0 0.09768445157143585
6042.5 0.10031477144167385
6043.0 0.10273613277263215
6043.5 0.10495836843377834
6044.0 0.10718150776410611
6044.5 0.10960574375867889
6045.0 0.1118309495203544
6045.5 0.1143572513699779
6046.0 0.11738536991143653
6046.5 0.12011440539925052
6047.0 0.12284345665100876
6047.5 0.12487296252638844
6048.0 0.12810639550928918
6048.5 0.13124132895139437
6049.0 0.13457722652689463
6049.5 0.1382151709979244
6050.0 0.14165483533590886
6050.5 0.1438915870059444
6051.0 0.1467310087743154
6051.5 0.14987253069015707
6052.0 0.15351845520505852
6052.5 0.15726474557165532
6053.0 0.1609136380684402
6053.5 0.1645628878954574
6054.0 0.16791234159961252
6054.5 0.17176673593978786
6055.0 0.17542026249036818
6055.5 0.17977928099453078
6056.0 0.18333571290153433
6056.5 0.18759791569003398
6057.0 0.1909559310877997
6057.5 0.19491977208967587
6058.0 0.19898545349272734
6058.5 0.20375770472724483
6059.0 0.20833029703943734
6059.5 0.21350858083094795
6060.0 0.2179847313709134
6060.5 0.22306678626668935
6061.0 0.227949153671136
6061.5 0.23293386764107796
6062.0 0.23792171587775698
6062.5 0.2423059207959244
6063.0 0.24780197357128167
6063.5 0.2524923596652427
6064.0 0.2579926906228831
6064.5 0.2629895462923646
6065.0 0.2690993937277501
6065.5 0.27460641082640663
6066.0 0.28051892158843883
6066.5 0.2863332920672086
6067.0 0.2921500505611312
6067.5 0.29766518681029197
6068.0 0.30358837188489146
6068.5 0.3098158987366496
6069.0 0.3155404615357476
6069.5 0.32177409033822724
6070.0 0.3280091652466141
6070.5 0.3347537824615986
6071.0 0.34058902977745664
6071.5 0.34723723123561195
6072.0 0.3534838860939207
6072.5 0.3593275768881226
6073.0 0.3654770879506455
6073.5 0.37142609189581466
6074.0 0.3779846560753798
6074.5 0.3845467558876069
6075.0 0.39070552256297714
6075.5 0.3968667278953534
6076.0 0.40343647796079135
6076.5 0.4086897549893523
6077.0 0.4157718569368806
6077.5 0.42265260474858996
6078.0 0.42933409707022074
6078.5 0.43591726328916497
6079.0 0.4432128292093392
6079.5 0.45010589601156636
6080.0 0.4575095561156397
6080.5 0.46471289671745875
6081.0 0.4715123898049613
6081.5 0.47892504377218625
6082.0 0.48593369656020335
6082.5 0.49335222489893266
6083.0 0.5015868881122316
6083.5 0.5088077527161555
6084.0 0.5161338085503943
6084.5 0.5235629458376099
6085.0 0.5295721879677538
6085.5 0.535277672682355
6086.0 0.5420035808576359
6086.5 0.54883362293197
6087.0 0.5557689756934652
6087.5 0.5627071697724602
6088.0 0.5695456524873903
6088.5 0.5774060126272437
6089.0 0.5850666313247621
6089.5 0.5925262722512844
6090.0 0.5993764894172411
6090.5 0.6052109891653783
6091.0 0.6112513249399715
6091.5 0.6178042982503228
6092.0 0.6250742258753351
6092.5 0.6320404676204339
6093.0 0.6400294853880522
6093.5 0.6479178184650066
6094.0 0.6549917201636553
6094.5 0.6624772481882898
6095.0 0.6692505229039425
6095.5 0.6750048262104533
6096.0 0.6808632255822058
6096.5 0.6868269028376287
6097.0 0.6924864453941474
6097.5 0.6987614997743558
6098.0 0.705039094834521
6098.5 0.7115240942048559
6099.0 0.7176019170375081
6099.5 0.7239890608327676
6100.0 0.729764963798979
6100.5 0.7359539530360063
6101.0 0.7411208270566022
6101.5 0.7468028080721911
6102.0 0.7531000385828933
6102.5 0.7580652889958276
6103.0 0.7628241648593973
6103.5 0.7701458747210616
6104.0 0.7764443849173375
6104.5 0.7816172196050811
6105.0 0.7869988405632118
6105.5 0.7910478482677374
6106.0 0.7953038996562133
6106.5 0.801614400318377
6107.0 0.806387460781746
6107.5 0.8119835862408578
6108.0 0.8165549029448791
6108.5 0.8211291277017536
6109.0 0.8259097151856571
6109.5 0.8303829972148079
6110.0 0.83424293981805
6110.5 0.8377952466333403
6111.0 0.8428913184213565
6111.5 0.8466526014449487
6112.0 0.8504149802467095
6112.5 0.8537673945537075
6113.0 0.8574279513660003
6113.5 0.8619140079129467
6114.0 0.8668130069816509
6114.5 0.8697584717538945
6115.0 0.8741471766071892
6115.5 0.8778152778856494
6116.0 0.8806620545134842
6116.5 0.8841265683525402
6117.0 0.886769366414696
6117.5 0.8888978418215924
6118.0 0.8915414941356266
6118.5 0.8941873159177249
6119.0 0.8959055435128087
6119.5 0.8971087014983848
6120.0 0.899446782559415
6120.5 0.9019925407258774
6121.0 0.9051593144365647
6121.5 0.9065719204994304
6122.0 0.9081901056942158
6122.5 0.9085700204889646
6123.0 0.9094663958890308
6123.5 0.9102592749982045
6124.0 0.9120869004860841
6124.5 0.9137071833617683
6125.0 0.9157431572613187
6125.5 0.9170548473475474
6126.0 0.9183670532122487
6126.5 0.9208181608633395
6127.0 0.9221327488800923
6127.5 0.9233437077906443
6128.0 0.9234161062039816
6128.5 0.9247319903162817
6129.0 0.9236663704320256
6129.5 0.9257067563487236
6130.0 0.9270227469736507
6130.5 0.9294795614498709
6131.0 0.9294503318037461
6131.5 0.9303536657209346
6132.0 0.9312565422025383
6132.5 0.9321595794163752
6133.0 0.9318186017814878
6133.5 0.9333439541562818
6134.0 0.9338326400477732
6134.5 0.9345292267931907
6135.0 0.9348117024237673
6135.5 0.9365465782754689
6136.0 0.9382821143324648
6136.5 0.939499193548427
6137.0 0.9423777738580071
6137.5 0.9424540568375179
6138.0 0.9425292313736972
6138.5 0.9426055704339681
6139.0 0.9427854054216791
6139.5 0.9435885073986706
6140.0 0.943768596836335
6140.5 0.9441571127451038
6141.0 0.9460008971254409
6141.5 0.9447249967443339
6142.0 0.9453197440152645
6142.5 0.9446669371139533
6143.0 0.9450546732241444
6143.5 0.9449220349983888
6144.0 0.9430190528740645
6144.5 0.9419482236087735
6145.0 0.9415026131483738
6145.5 0.9411605391218734
6146.0 0.9412344312478363
6146.5 0.9405797100315587
6147.0 0.9408621900757974
6147.5 0.9402071131066604
6148.0 0.9401769853828325
6148.5 0.9394176508848029
6149.0 0.9368832270305526
6149.5 0.936748514515531
6150.0 0.9359880410436829
6150.5 0.9360609609778047
6151.0 0.935299872791544
6151.5 0.9347462352931781
6152.0 0.9361771305114064
6152.5 0.9356233910270938
6153.0 0.9349653876017144
6153.5 0.9340978781018513
6154.0 0.9334381239786468
6154.5 0.9326751502390537
6155.0 0.9325387336922192
6155.5 0.9311470881328662
6156.0 0.9303819991472358
6156.5 0.9300355074999355
6157.0 0.9312583872216607
6157.5 0.9310160605716273
6158.0 0.9314023483307217
6158.5 0.9307417953495535
6159.0 0.9307087910305146
6159.5 0.9303617643185905
6160.0 0.9287572830651873
6160.5 0.927991289027966
6161.0 0.9263857402199825
6161.5 0.925513462422099
6162.0 0.9243265279193391
6162.5 0.9238721550643488
6163.0 0.9239430778114102
6163.5 0.924013976378356
6164.0 0.9235591320960972
6164.5 0.9209009079700641
6165.0 0.919186669294572
6165.5 0.9168423454922544
6166.0 0.9147061502075857
6166.5 0.9140397454569007
6167.0 0.9135821853504407
6167.5 0.912494539800951
6168.0 0.9116168082185537
6168.5 0.912420877307743
6169.0 0.911962461373458
6169.5 0.9123458072469731
6170.0 0.9110472580775744
6170.5 0.9112199174290887
6171.0 0.9107607927707735
6171.5 0.9089351008135895
6172.0 0.9070027804513098
6172.5 0.9073843502366308
6173.0 0.9061880998792577
6173.5 0.9077285164539205
6174.0 0.9074800858230052
6174.5 0.9078630534368219
6175.0 0.9075084181285954
6175.5 0.9077853681304989
6176.0 0.9084843938125406
6176.5 0.9082344426450205
6177.0 0.9079854770482358
6177.5 0.907314066205176
6178.0 0.9084344251109082
6178.5 0.9074464216779409
6179.0 0.9070905596414403
6179.5 0.908845087078689
6180.0 0.910389155989289
6180.5 0.9116173759580075
6181.0 0.9143247250234156
6181.5 0.9152362112901278
6182.0 0.9166772684450318
6182.5 0.9168507201226279
6183.0 0.916073788538122
6183.5 0.916352238105429
6184.0 0.917899480089862
6184.5 0.9172273007429209
6185.0 0.9184580845685948
6185.5 0.920218102787456
6186.0 0.9207089565778345
6186.5 0.9217289646827314
6187.0 0.9232795844050689
6187.5 0.9232417585976294
6188.0 0.9238385955246017
6188.5 0.9240126931464357
6189.0 0.9239757587897283
6189.5 0.9241500080910957
6190.0 0.9265495258752967
6190.5 0.9260894639199566
6191.0 0.9283844422436996
6191.5 0.9290899937671261
6192.0 0.9292655375825675
6192.5 0.9306071427115967
6193.0 0.9318435326233974
6193.5 0.9320193539601199
6194.0 0.9335743533361496
6194.5 0.934175332652789
6195.0 0.9347752632175603
6195.5 0.9368633420827291
6196.0 0.937463777180054
6196.5 0.9396586679365341
6197.0 0.9413219478820468
6197.5 0.9421371179083494
6198.0 0.9410386539362772
6198.5 0.9436645829703808
6199.0 0.9441557416991981
6199.5 0.945363256307843
6200.0 0.9453923043322523
6200.5 0.9472331697909697
6201.0 0.9477989322470396
6201.5 0.9493215964970775
6202.0 0.9498876726667395
6202.5 0.9509847797919219
6203.0 0.9508058114738442
6203.5 0.9512649629942839
6204.0 0.9517253341563335
6204.5 0.9521845954204556
6205.0 0.9524306781473595
6205.5 0.953529811846171
6206.0 0.9545219576636594
6206.5 0.9559409695997828
6207.0 0.9567202420393567
6207.5 0.9575008638968104
6208.0 0.9589202269141767
6208.5 0.9586350789530523
6209.0 0.9601587194258221
6209.5 0.9610409194900352
6210.0 0.9637352001366281
6210.5 0.9646182816610568
6211.0 0.9666746016167785
6211.5 0.9679854520130435
6212.0 0.971216065925789
6212.5 0.9718866798786332
6213.0 0.9727711253966893
6213.5 0.9738694928300563
6214.0 0.9756082736682851
6214.5 0.9760657417645622
6215.0 0.9785530303359845
6215.5 0.9797588557046082
6216.0 0.9814991163655132
6216.5 0.9839879725124911
6217.0 0.9849807795049004
6217.5 0.9852251951949769
6218.0 0.9860055170396378
6218.5 0.9886032952763445
6219.0 0.9906679632216885
6219.5 0.9935888460389547
6220.0 0.9931952286295842
6220.5 0.9957973495447952
6221.0 0.9977563258456589
6221.5 0.9990753957598834
6222.0 0.9995376774474086
6222.5 1.0
6223.0 0.9997139702678505
6223.5 0.9997475511936644
6224.0 0.9987114492619937
6224.5 0.9978882130131705
6225.0 0.9986724421908062
6225.5 0.9989200178294456
6226.0 0.9976683472386968
6226.5 0.9974877550022215
6227.0 0.9963420273948537
6227.5 0.9951959047609953
6228.0 0.996301285672761
6228.5 0.9952615174979975
6229.0 0.9942225901752965
6229.5 0.9939330665428379
6230.0 0.9927855265126687
6230.5 0.9923887089223338
6231.0 0.9923144947945585
6231.5 0.9922389955625761
6232.0 0.9935582961537451
6232.5 0.9932690417724547
6233.0 0.99265662980626
6233.5 0.9931175972373103
6234.0 0.9933636112679897
6234.5 0.9919998679129339
6235.0 0.9909564711483205
6235.5 0.9893767481643654
6236.0 0.9882253870590278
6236.5 0.9870734965734808
6237.0 0.9857073774753949
6237.5 0.9851997269475645
6238.0 0.985124214748466
6238.5 0.9838646738830185
6239.0 0.9829285826595794
6239.5 0.9830676925290568
6240.0 0.9815931984540762
6240.5 0.9810866866515073
6241.0 0.9795040408958001
6241.5 0.9779196854862955
6242.0 0.9759050211349061
6242.5 0.9734598666984957
6243.0 0.9728430649587528
6243.5 0.9723331998708686
6244.0 0.9703162746074384
6244.5 0.9684071015536309
6245.0 0.9682202218826721
6245.5 0.9674933876368923
6246.0 0.9671988814166379
6246.5 0.96636424918163
6247.0 0.9659608693009754
6247.5 0.9640489952997698
6248.0 0.964291381547815
6248.5 0.9633482433523108
6249.0 0.9629439282318928
6249.5 0.963186036072389
6250.0 0.9636452737930393
6250.5 0.9649661660728779
6251.0 0.9642380949923242
6251.5 0.9634011265931683
6252.0 0.9635356256236696
6252.5 0.9639936626848661
6253.0 0.9632647394057535
6253.5 0.9627517082990782
6254.0 0.9616973602803204
6254.5 0.9622637465640833
6255.0 0.9619649827238764
6255.5 0.9611270657085449
6256.0 0.9583432534721966
6256.5 0.9573961257385211
6257.0 0.9564491365996581
6257.5 0.9550695333685796
6258.0 0.9539075260079198
6258.5 0.9537165806821496
6259.0 0.9537433363428977
6259.5 0.9520389213971351
6260.0 0.9500095474757754
6260.5 0.9485203093383207
6261.0 0.9472472118380034
6261.5 0.9453237178184142
6262.0 0.9441586150593759
6262.5 0.9422340133075225
6263.0 0.9396597442369264
6263.5 0.9387087503681473
6264.0 0.9384066764235006
6264.5 0.9372394848748157
6265.0 0.9357460063597295
6265.5 0.9334934703457359
6266.0 0.9321067411557864
6266.5 0.931045540303987
6267.0 0.9293329337946514
6267.5 0.9282707819549227
6268.0 0.9272070358362979
6268.5 0.9259270053559768
6269.0 0.924429433723633
6269.5 0.923039370416874
6270.0 0.9220832326578567
6270.5 0.9203683601651529
6271.0 0.9193022781855662
6271.5 0.9186703690373852
6272.0 0.917822120745095
6272.5 0.9166470000078139
6273.0 0.9157969294786045
6273.5 0.9161414883499477
6274.0 0.9160511772623884
6274.5 0.9144410490744401
6275.0 0.9126130228271754
6275.5 0.9129572642071874
6276.0 0.912974887078194
6276.5 0.9124506411092611
6277.0 0.9122522967470988
6277.5 0.9122705159822788
6278.0 0.9126159342896241
6278.5 0.914048742579741
6279.0 0.915264213012379
6279.5 0.9144131104456988
6280.0 0.9136710965784917
6280.5 0.9144510311863459
6281.0 0.9153406455896259
6281.5 0.9152506354693503
6282.0 0.9145080364164077
6282.5 0.9138735452587968
6283.0 0.9154172312400121
6283.5 0.9146729679898753
6284.0 0.9156726210576668
6284.5 0.9164532655665758
6285.0 0.9164725914533169
6285.5 0.9170353941765775
6286.0 0.9158555735784466
6286.5 0.9163111206727631
6287.0 0.9168740883902746
6287.5 0.9177651353105315
6288.0 0.9185466687079276
6288.5 0.9193295735474726
6289.0 0.9190210197285206
6289.5 0.919694336202181
6290.0 0.9197138140337653
6290.5 0.9204959130772938
6291.0 0.9197514348879409
6291.5 0.9211890970175065
6292.0 0.9214256395035098
6292.5 0.9215524145153949
6293.0 0.9228801029959163
6293.5 0.9228965603586272
6294.0 0.923133490215093
6294.5 0.9232618520736084
6295.0 0.92350093933725
6295.5 0.9253813030880546
6296.0 0.9261738832458453
6296.5 0.9262030468249476
6297.0 0.9277661059913758
6297.5 0.9283458068763825
6298.0 0.9301300223197128
6298.5 0.9309319414305501
6299.0 0.9327175673265511
6299.5 0.9332992992581948
6300.0 0.9331152661776179
6300.5 0.9344613956908199
6301.0 0.9350428658404298
6301.5 0.9363890118877564
6302.0 0.9379550088849077
6302.5 0.9382059014922987
6303.0 0.9387863515618182
6303.5 0.938490476787642
6304.0 0.9403860320868958
6304.5 0.9404223998871185
6305.0 0.9406789143286541
6305.5 0.9413767226173411
6306.0 0.9420771431648945
6306.5 0.9432186994200829
6307.0 0.9429360241452964
6307.5 0.942764755010242
6308.0 0.9444587275668153
6308.5 0.9458235355778117
6309.0 0.9476279618600896
6309.5 0.9487745717080818
6310.0 0.9493706674483225
6310.5 0.9498582190483914
6311.0 0.9505644749403102
6311.5 0.9517093755462357
6312.0 0.950548990574367
6312.5 0.9518047145960149
6313.0 0.9530607996102816
6313.5 0.9546478116269299
6314.0 0.9550246147613264
6314.5 0.9550732126524919
6315.0 0.9555607374580289
6315.5 0.9568181902186782
6316.0 0.957636881964643
6316.5 0.9576844984637257
6317.0 0.9568535519621236
6317.5 0.9564616097022155
6318.0 0.9569495016193491
6318.5 0.9572171631624241
6319.0 0.9582555852270291
6319.5 0.9589642854315321
6320.0 0.9600044536232223
6320.5 0.960052092283563
6321.0 0.9604310383881282
6321.5 0.9600386803207624
6322.0 0.9609685143975709
6322.5 0.9620083420640484
6323.0 0.9629387777622469
6323.5 0.962986718877659
6324.0 0.9624846735490316
6324.5 0.9618715358894274
6325.0 0.9623611432521337
6325.5 0.9631828583654235
6326.0 0.9641147290104446
6326.5 0.9636115245932002
6327.0 0.9626674378359806
6327.5 0.9618341173314274
6328.0 0.9606683199600211
6328.5 0.9607161448772885
6329.0 0.9578943346896283
6329.5 0.9572793146174794
6330.0 0.9571064018095949
6330.5 0.955827323462904
6331.0 0.9548802941378107
6331.5 0.9549281195535594
6332.0 0.9537592167286447
6332.5 0.952922504821058
6333.0 0.9518628148174585
6333.5 0.9502508873971343
6334.0 0.9487484278747585
6334.5 0.9479086410053825
6335.0 0.9461834585675996
6335.5 0.945565492216771
6336.0 0.9451676221544616
6336.5 0.943772689508991
6337.0 0.9443712415930031
6337.5 0.9414247136710892
6338.0 0.9393642433701218
6338.5 0.937524883857737
6339.0 0.935795208134585
6339.5 0.9332901758484369
6340.0 0.9316694886452915
6340.5 0.9287189136145146
6341.0 0.9258776344643638
6341.5 0.9242558517996436
6342.0 0.9216348658383836
6342.5 0.9183479773388363
6343.0 0.9162799672427336
6343.5 0.9135448960821135
6344.0 0.909588794790357
6344.5 0.9071860126806897
6345.0 0.9037829318328875
6345.5 0.9010457482962005
6346.0 0.8974183080105331
6346.5 0.8943462425815353
6347.0 0.890383433617448
6347.5 0.8874196941777064
6348.0 0.8842323630294548
6348.5 0.8814877559626297
6349.0 0.8780769270633356
6349.5 0.874107808967162
6350.0 0.8715826931261978
6350.5 0.8695021104017797
6351.0 0.8658642856502708
6351.5 0.8613342243656679
6352.0 0.858805268248877
6352.5 0.8546072059423614
6353.0 0.8502955547599862
6353.5 0.8469834950555196
6354.0 0.8433375258446826
6354.5 0.8392429811725015
6355.0 0.8363740873883317
6355.5 0.8314979385967304
6356.0 0.8278452429372873
6356.5 0.8233000660620751
6357.0 0.8203142853277655
6357.5 0.8158786477991415
6358.0 0.8109950768863078
6358.5 0.8071127372176046
6359.0 0.8022260678270893
6359.5 0.7977844430114782
6360.0 0.7932290349358753
6360.5 0.788003029824389
6361.0 0.7843369003943111
6361.5 0.7798891736735708
6362.0 0.7749929859217449
6362.5 0.7700953006439134
6363.0 0.7640794358320452
6363.5 0.7592899620789788
6364.0 0.7539417812323026
6364.5 0.7492606497426926
6365.0 0.7433505364516664
6365.5 0.7384436638318436
6366.0 0.732528579794992
6366.5 0.72515824797489
6367.0 0.7194639396883299
6367.5 0.7129833732967992
6368.0 0.7070599395510092
6368.5 0.7014711389654349
6369.0 0.6945374763117311
6369.5 0.6882724990102159
6370.0 0.6802149994680861
6370.5 0.6731616855766132
6371.0 0.6674499470443866
6371.5 0.6611775792358511
6372.0 0.6547890943523147
6372.5 0.6464949307899829
6373.0 0.6395426231897464
6373.5 0.6321391069230602
6374.0 0.6255178216031797
6374.5 0.6186710499089155
6375.0 0.6119323778239447
6375.5 0.605192711392429
6376.0 0.5971047794174239
6376.5 0.5904722015405612
6377.0 0.5833881796940147
6377.5 0.5757407756649366
6378.0 0.5697754766301474
6378.5 0.5639199581969387
6379.0 0.556826867485171
6379.5 0.5496196446885204
6380.0 0.5415118873379906
6380.5 0.5356478117687713
6381.0 0.5289951777375127
6381.5 0.5212168060352382
6382.0 0.5135477895233841
6382.5 0.5071133571929293
6383.0 0.5002267380855224
6383.5 0.49367493957361996
6384.0 0.4871222391395659
6384.5 0.48034097732804887
6385.0 0.47423311167742216
6385.5 0.4672234283745846
6386.0 0.4596488188775265
6386.5 0.4518463846773672
6387.0 0.44505489163900086
6387.5 0.4382599250781995
6388.0 0.4321390245019327
6388.5 0.42590398204446805
6389.0 0.4187648407858071
6389.5 0.4127510803212207
6390.0 0.40650851790345177
6390.5 0.40037748939622064
6391.0 0.3943580015671948
6391.5 0.3879971770882527
6392.0 0.38219748736324877
6392.5 0.3757191047190513
6393.0 0.368898679651961
6393.5 0.3637688717591952
6394.0 0.3578473316414541
6394.5 0.35293873572757767
6395.0 0.347239833231228
6395.5 0.34119954897325516
6396.0 0.33572300232768143
6396.5 0.33013106314677537
6397.0 0.3252143757290791
6397.5 0.31950653028694453
6398.0 0.31379562866185085
6398.5 0.30819662300252326
6399.0 0.30293456468201646
6399.5 0.29710700843508137
6400.0 0.2919540383985909
6400.5 0.2866874140151226
6401.0 0.28255115959452365
6401.5 0.2770539414441772
6402.0 0.27245846546585684
6402.5 0.26672691560513045
6403.0 0.26155925278090736
6403.5 0.2572946006256963
6404.0 0.25212287200377387
6404.5 0.24649845377676002
6405.0 0.24121184819301897
6405.5 0.23716981943887797
6406.0 0.2327860213721217
6406.5 0.2285150026260404
6407.0 0.224242812282831
6407.5 0.22087535759134405
6408.0 0.21728016068408376
6408.5 0.2131174753117552
6409.0 0.20872800850204962
6409.5 0.205583486651796
6410.0 0.20209706907684713
6410.5 0.19838397734673527
6411.0 0.19444285983143128
6411.5 0.19106757720088938
6412.0 0.1876912964676589
6412.5 0.18544828712291106
6413.0 0.18241032635934515
6413.5 0.17903143758986922
6414.0 0.17599180095813347
6414.5 0.17295257710637263
6415.0 0.17025153748331665
6415.5 0.1667561396106685
6416.0 0.16314551218245055
6416.5 0.16010163742006295
6417.0 0.15694386730472132
6417.5 0.1535578319417689
6418.0 0.15051140611524436
6418.5 0.14848712774874182
6419.0 0.1461204292251863
6419.5 0.14284545892123893
6420.0 0.14002347132516066
6420.5 0.13720071347082735
6421.0 0.1346048099363302
6421.5 0.13223461466070696
6422.0 0.12929643790145384
6422.5 0.1271525930413142
6423.0 0.12466716617749364
6423.5 0.1225230973722078
6424.0 0.12026416669095125
6424.5 0.11868738509489665
6425.0 0.11631350473799405
6425.5 0.11428045239679936
6426.0 0.1122809725482881
6426.5 0.11024681518319432
6427.0 0.10857651669868906
6427.5 0.10646155295575305
6428.0 0.1047446710649442
6428.5 0.10274265029969733
6429.0 0.10072849070027538
6429.5 0.09906722287027836
6430.0 0.09778143447687626
6430.5 0.09492239803970437
6431.0 0.0933165292036228
6431.5 0.09157350603994796
6432.0 0.09014913075070766
6432.5 0.08821130422511911
6433.0 0.08683175514964418
6433.5 0.08536059626832777
6434.0 0.08420845800196061
6434.5 0.08240571378563011
6435.0 0.08115010048857586
6435.5 0.08033944447669658
6436.0 0.07890061575679272
6436.5 0.07743853651742182
6437.0 0.07662691611687839
6437.5 0.07539264601967989
6438.0 0.07437496724178573
6438.5 0.0744992868461037
6439.0 0.07321847292983377
6439.5 0.07243997268378621
6440.0 0.07154698534496244
6440.5 0.07027674971706187
6441.0 0.06901743000026667
6441.5 0.06819228662294546
6442.0 0.06717252206789881
6442.5 0.06658699508759179
6443.0 0.06556674032463712
6443.5 0.06462630220371278
6444.0 0.06392579494540766
6444.5 0.06379716601383603
6445.0 0.06261584901153529
6445.5 0.061868949022921275
6446.0 0.06137380600740465
6446.5 0.060363255971861
6447.0 0.05929530553962706
6447.5 0.05851320191893085
6448.0 0.057284315617526047
6448.5 0.05689119304895057
6449.0 0.05609701738786585
6449.5 0.055417187063766686
6450.0 0.05459963645270623
6450.5 0.05401105652123989
6451.0 0.05307846792636022
6451.5 0.05203112127640289
6452.0 0.05085717852890284
6452.5 0.049442302954115336
6453.0 0.04887558274855769
6453.5 0.048515130725849204
6454.0 0.04720252535803977
6454.5 0.045809233132975885
6455.0 0.04485167433160352
6455.5 0.0439281322861441
6456.0 0.04311923636854193
6456.5 0.04240192521529321
6457.0 0.041707279858443795
6457.5 0.040553305288600135
6458.0 0.03998461330943245
6458.5 0.03882996882177341
6459.0 0.03803116405334215
6459.5 0.0372092684576334
6460.0 0.036513358568425046
6460.5 0.03617355537881854
6461.0 0.03604049887297694
6461.5 0.03498800471071906
6462.0 0.03441794064787893
6462.5 0.034399560589299175
6463.0 0.03417422261670424
6463.5 0.033362233661837284
6464.0 0.032998772230138036
6464.5 0.03230143831418165
6465.0 0.03171909111259444
6465.5 0.0314587427235514
6466.0 0.03076091852074275
6466.5 0.030500370819490346
6467.0 0.029802355530351272
6467.5 0.02979478713921221
6468.0 0.029557058632062858
6468.5 0.029065894211728137
6469.0 0.028136838303928557
6469.5 0.02800238667802072
6470.0 0.027303471906264688
6470.5 0.026950028439997196
6471.0 0.02637749172341293
6471.5 0.026588483568304264
6472.0 0.02602721955916444
6472.5 0.02636510701883372
6473.0 0.026230287905603836
6473.5 0.025668746166317057
6474.0 0.02566073240148948
6474.5 0.025225914516460314
6475.0 0.025229321544487104
6475.5 0.025209627354238113
6476.0 0.025086149348334783
6476.5 0.024743312031033044
6477.0 0.024273339282508244
6477.5 0.023445429674366757
6478.0 0.023425596241974784
6478.5 0.023209305353885337
6479.0 0.02308544206547591
6479.5 0.022522541970519852
6480.0 0.022386923416765864
6480.5 0.02135014929029157
6481.0 0.02091396444011653
6481.5 0.021251954361215096
6482.0 0.020653778358332195
6482.5 0.020656551627457973
6483.0 0.02065932501142827
6483.5 0.019991502520454646
6484.0 0.019658779850896056
6484.5 0.019117812834898107
6485.0 0.019374880019155067
6485.5 0.019041938787348885
6486.0 0.01870903420116859
6486.5 0.017820494433601296
6487.0 0.017695629593241908
6487.5 0.017466506361269805
6488.0 0.01713308279446385
6488.5 0.016892294263560183
6489.0 0.016767109387288186
6489.5 0.015866060780253943
6490.0 0.015532242307936537
6490.5 0.014850935257752943
6491.0 0.014157783232590907
6491.5 0.01371939039183986
6492.0 0.013280752778324134
6492.5 0.013375357860924638
6493.0 0.012333825480855239
6493.5 0.012242730813144406
6494.0 0.012116826212931702
6494.5 0.011851728265521035
6495.0 0.010812959292923793
6495.5 0.010353897141650225
6496.0 0.010355284428469226
6496.5 0.010268495428189922
6497.0 0.009809174843133536
6497.5 0.009810488800107268
6498.0 0.009599401399331542
6498.5 0.009600560478077724
6499.0 0.009477227187086252
6499.5 0.009230682951009619
6500.0 0.009107207888409803
6500.5 0.009232295098300527
6501.0 0.00958735958776558
6501.5 0.009339661834324312
6502.0 0.009252231497131133
6502.5 0.009519108645924238
6503.0 0.00976859402311164
6503.5 0.009892651642050679
6504.0 0.00980522646910515
6504.5 0.009557425555412937
6505.0 0.009807004339354247
6505.5 0.009807893302313613
6506.0 0.009578618983002744
6506.5 0.009224906592029292
6507.0 0.009348979961530472
6507.5 0.009244025327502138
6508.0 0.009244851467585503
6508.5 0.009263069795106812
6509.0 0.008784623241911893
6509.5 0.008555008311971516
6510.0 0.008076425512897339
6510.5 0.00782812856773242
6511.0 0.007704268889001738
6511.5 0.007350013038348977
6512.0 0.007226094719841402
6512.5 0.006996263290423885
6513.0 0.006517334393126517
6513.5 0.006517859048232196
6514.0 0.006518383706873122
6514.5 0.0065189083690597146
6515.0 0.00573827034999575
6515.5 0.005614151842130604
6516.0 0.005045220691271971
6516.5 0.00456703641646032
6517.0 0.004797984061091114
6517.5 0.005278209634247297
6518.0 0.005278634254896975
6518.5 0.005616862570355899
6519.0 0.005617314366606335
6519.5 0.005368445136470491
6520.0 0.005244206345622178
6520.5 0.005031396257015507
6521.0 0.005156491429108183
6521.5 0.004801458276759213
6522.0 0.00455242302372998
6522.5 0.004428081090321764
6523.0 0.004731514782436272
6523.5 0.004962716456692641
6524.0 0.0053012179187577144
6524.5 0.005301643969832929
6525.0 0.005195951055235035
6525.5 0.00450134704424133
6526.0 0.004501708773670419
6526.5 0.004288633148104856
6527.0 0.004075522905492992
6527.5 0.004325478404356152
6528.0 0.00397000474399658
6528.5 0.0043086677689186765
6529.0 0.004059321913642332
6529.5 0.003809923514165043
6530.0 0.003810226886526637
6530.5 0.003935411070513667
6531.0 0.004167985256352347
6531.5 0.004060938658108675
6532.0 0.0037227267940759374
6532.5 0.0031883181167765328
6533.0 0.003064816948970139
6533.5 0.003402514778465858
6534.0 0.0031003371966022465
6534.5 0.0027443964564665847
6535.0 0.002744614980526934
6535.5 0.002494873284600477
6536.0 0.0024950717145531603
6536.5 0.0022464462733564035
6537.0 0.002602955079974507
6537.5 0.0027281835376190234
6538.0 0.0028522564784319708
6538.5 0.002728622099552334
6539.0 0.0024962715325301667
6539.5 0.002247528496405807
6540.0 0.002461607425672672
6540.5 0.0027645684956686878
6541.0 0.002462002852886528
6541.5 0.00246220056812408
6542.0 0.0028903450125865584
6542.5 0.002462596001828465
6543.0 0.0024627937202951256
6543.5 0.002588132000725666
6544.0 0.002837463694819587
6544.5 0.002837691459785383
6545.0 0.002606302256155026
6545.5 0.002392424226608397
6546.0 0.0019632297304164083
6546.5 0.0015351440444457385
6547.0 0.0013211283812029715
6547.5 0.0014464423860091
6548.0 0.0013213401464748959
6548.5 0.0013214460000917398
6549.0 0.0013215518476560866
6549.5 0.0
