6462.5 0.0
6463.0 0.000994622406917929
6463.5 0.0012238403119826467
6464.0 0.0013984829971052453
6464.5 0.001398671467924061
6465.0 0.0013988599725691074
6465.5 0.0015339263173864783
6466.0 0.0016954796451491261
6466.5 0.0015343399319905832
6467.0 0.0017091657574151897
6467.5 0.0014403733559140335
6468.0 0.0014405676940221
6468.5 0.0017769167817819021
6469.0 0.0015353753335537392
6469.5 0.001535582710880839
6470.0 0.0015357901284722786
6470.5 0.0014680233564393992
6471.0 0.0014814648672232746
6471.5 0.0014957988134326316
6472.0 0.001186021762774013
6472.5 0.0012939386253578314
6473.0 0.0014018846361341542
6473.5 0.001334924333918747
6474.0 0.0012405680386528403
6474.5 0.001591561605359645
6475.0 0.0011869836953118992
6475.5 0.0011190778072938108
6476.0 0.001227977184104565
6476.5 0.0014032103653026456
6477.0 0.0018482047655993252
6477.5 0.002050991549639816
6478.0 0.0021591746104483926
6478.5 0.002430178556639761
6479.0 0.0024305051737477158
6479.5 0.002524627602664051
6480.0 0.0027683478913910937
6480.5 0.00276871974713755
6481.0 0.0026610879504492
6481.5 0.0030129427237330845
6482.0 0.003013347321705282
6482.5 0.0027294728284878752
6483.0 0.002973416603137759
6483.5 0.0033113225023444137
6484.0 0.0034880796074245354
6484.5 0.0034885477925423606
6485.0 0.0036644839037839154
6485.5 0.0038404671297764047
6486.0 0.003840982470338395
6486.5 0.0038414978322269732
6487.0 0.004018467826558895
6487.5 0.0038159244388154888
6488.0 0.00399204550352273
6488.5 0.003992580932964771
6489.0 0.004372829960631904
6489.5 0.004373416552885948
6490.0 0.0048478694629090135
6490.5 0.005051765594917856
6491.0 0.005323172947886507
6491.5 0.005228894694318896
6492.0 0.005216277631809177
6492.5 0.005026941924761678
6493.0 0.004932595277545993
6493.5 0.0047573783292106635
6494.0 0.005028963711601937
6494.5 0.004934578945822091
6495.0 0.004935240230339715
6495.5 0.005139410397257974
6496.0 0.005506298706933605
6496.5 0.005602155857117674
6497.0 0.005426872890359456
6497.5 0.005616994662572902
6498.0 0.0054283341431436375
6498.5 0.005605091698181844
6499.0 0.0055104366804738245
6499.5 0.0057822006272011586
6500.0 0.005999762979781738
6500.5 0.006285904944499049
6501.0 0.006286475092890208
6501.5 0.006287045253192314
6502.0 0.006572404800651458
6502.5 0.007021588647261674
6503.0 0.007117461273766531
6503.5 0.007294375779008596
6504.0 0.007023498784341532
6504.5 0.007200426902679428
6505.0 0.007105799424660933
6505.5 0.007012051064500171
6506.0 0.007284323441580242
6506.5 0.007747247569881221
6507.0 0.007951044184190029
6507.5 0.00823773946816774
6508.0 0.008129779686057338
6508.5 0.008035120163588795
6509.0 0.00803576080409459
6509.5 0.008390178050687631
6510.0 0.008213485931526588
6510.5 0.008322887052605761
6511.0 0.00851431315239043
6511.5 0.008623755913985386
6512.0 0.008815227108151231
6512.5 0.009004953671791445
6513.0 0.009567418988052568
6513.5 0.009960566869006773
6514.0 0.010175340886188922
6514.5 0.01000676377150187
6515.0 0.010373224890940797
6515.5 0.010481120453691394
6516.0 0.010669262074631753
6516.5 0.011071589803105469
6517.0 0.011268789778315568
6517.5 0.011492770742468853
6518.0 0.012350428289125253
6518.5 0.012538795322238647
6519.0 0.012941434618508026
6519.5 0.01330839608190174
6520.0 0.013702274227908935
6520.5 0.013810523033465456
6521.0 0.01382950908838491
6521.5 0.01373234655666799
6522.0 0.01381385461252514
6522.5 0.014118531704566818
6523.0 0.014119666648580735
6523.5 0.014022593217179429
6524.0 0.014416780828954964
6524.5 0.014900264127538308
6525.0 0.015285592891875322
6525.5 0.015295814296279112
6526.0 0.014912850390248103
6526.5 0.015030196563856676
6527.0 0.015138662807619068
6527.5 0.015139875400008468
6528.0 0.015141084318053886
6528.5 0.015893087480939
6529.0 0.016555911940592468
6529.5 0.017227742563858166
6530.0 0.017801272614525798
6530.5 0.01818725819632102
6531.0 0.018868284043216048
6531.5 0.01954051428642026
6532.0 0.019828290166540693
6532.5 0.02010710848066296
6533.0 0.02037706494596462
6533.5 0.021022810563392006
6534.0 0.021489726992741657
6534.5 0.022046190539390432
6535.0 0.022611651289682316
6535.5 0.02328460556926218
6536.0 0.024020331019242256
6536.5 0.024299658730665603
6537.0 0.02436427414722171
6537.5 0.025010759217688826
6538.0 0.025200726888989698
6538.5 0.025480258482850147
6539.0 0.02574200727165101
6539.5 0.02687230208621464
6540.0 0.027707372710492225
6540.5 0.028838002512465457
6541.0 0.029879247370211897
6541.5 0.030535611090413306
6542.0 0.031397997602245875
6542.5 0.0315617571030748
6543.0 0.032110879334527026
6543.5 0.03333200759198859
6544.0 0.03370204254863461
6544.5 0.03465474216482182
6545.0 0.03531175771034744
6545.5 0.03588826944218191
6546.0 0.03682332743908155
6546.5 0.037659963604089235
6547.0 0.03849683040918644
6547.5 0.03874191886378896
6548.0 0.039498264332290645
6548.5 0.04006635559890028
6549.0 0.040796041939564556
6549.5 0.04182169886715402
6550.0 0.04215694223242577
6550.5 0.04346994080916796
6551.0 0.04429877413334125
6551.5 0.044383106750922274
6552.0 0.04531973559300872
6552.5 0.045870786054154074
6553.0 0.047283376749299576
6553.5 0.04799609638013142
6554.0 0.048825687103483714
6554.5 0.05002338705179327
6555.0 0.05113151028860574
6555.5 0.052150134779718214
6556.0 0.0534112563875066
6556.5 0.054142788278023
6557.0 0.05526958290201739
6557.5 0.0562887765032339
6558.0 0.05759554863006791
6558.5 0.058983406356842495
6559.0 0.06020077957436944
6559.5 0.06187645226161471
6560.0 0.06347159515129215
6560.5 0.06516578420093538
6561.0 0.06645590168949528
6561.5 0.06833936755333057
6562.0 0.07032195047266113
6562.5 0.0719453484352551
6563.0 0.0736499396320601
6563.5 0.07546259304334695
6564.0 0.07739248544720419
6564.5 0.07893602041901251
6565.0 0.080093198561226
6565.5 0.081907038559633
6566.0 0.08401779205093561
6566.5 0.08606599178680102
6567.0 0.08849227273407272
6567.5 0.09066699688996151
6568.0 0.09256323849688114
6568.5 0.0949095844065171
6569.0 0.0966265189084593
6569.5 0.09834372735642047
6570.0 0.10033116277044775
6570.5 0.10276906517467448
6571.0 0.1045771748599134
6571.5 0.10665538715947571
6572.0 0.1090037663511934
6572.5 0.11180359626025198
6573.0 0.11460288381750022
6573.5 0.11758287639966852
6574.0 0.12002349290650875
6574.5 0.12246449660995806
6575.0 0.12427530989410894
6575.5 0.1269870304597688
6576.0 0.1302392042053866
6576.5 0.13295183548316777
6577.0 0.13584526336847658
6577.5 0.1390999080240085
6578.0 0.14226438137010336
6578.5 0.145158254393434
6579.0 0.14787315080049335
6579.5 0.15085962185409274
6580.0 0.1541157589940291
6580.5 0.15746313538627962
6581.0 0.160811041809723
6581.5 0.1639789856915274
6582.0 0.16750745839044026
6582.5 0.17094672061501365
6583.0 0.17546875201207962
6583.5 0.17899995465155036
6584.0 0.1819900249795363
6584.5 0.1856121036097218
6585.0 0.18905416850796034
6585.5 0.19267739340260778
6586.0 0.19639200411986607
6586.5 0.20037668323937347
6587.0 0.20508460077287516
6587.5 0.20889093234570139
6588.0 0.21287854890539765
6588.5 0.21704650482239435
6589.0 0.22193795273076025
6589.5 0.22664846456434856
6590.0 0.2319927916556094
6590.5 0.23679573636172097
6591.0 0.24078752028535352
6591.5 0.2451405318674817
6592.0 0.24949423843699248
6592.5 0.2541203275613431
6593.0 0.2601008180056774
6593.5 0.2655406741603051
6594.0 0.2701679703853275
6594.5 0.2754294169141926
6595.0 0.2802388670148869
6595.5 0.28559063428930104
6596.0 0.29013051660322037
6596.5 0.29503285229223286
6597.0 0.29948402273532954
6597.5 0.3048385951275737
6598.0 0.3092001356178516
6598.5 0.31437623620974336
6599.0 0.32018611381597095
6599.5 0.3257249093924009
6600.0 0.3325307557656707
6600.5 0.3392477032307147
6601.0 0.3446994055866977
6601.5 0.3500609531766854
6602.0 0.3566908518115446
6602.5 0.3628685156690296
6603.0 0.36895699796851256
6603.5 0.3754075459502635
6604.0 0.38231125986537096
6604.5 0.38876445260665915
6605.0 0.39548865674759603
6605.5 0.4004950155846235
6606.0 0.4069504475623956
6606.5 0.4137681067163404
6607.0 0.41986280606210763
6607.5 0.4265911295772611
6608.0 0.43169221744312497
6608.5 0.43661179858108196
6609.0 0.44270985325732626
6609.5 0.4486275806128636
6610.0 0.45409353491725435
6610.5 0.45928888907967974
6611.0 0.464665335875839
6611.5 0.47103940647722686
6612.0 0.47687136770698546
6612.5 0.4840628937840364
6613.0 0.4915260491081399
6613.5 0.4998972312986801
6614.0 0.5061860263528077
6614.5 0.5118412926795701
6615.0 0.5186751705695929
6615.5 0.5257817140442739
6616.0 0.5336141207921673
6616.5 0.5401793942901011
6617.0 0.5473803144214271
6617.5 0.5543998060841667
6618.0 0.5607865418890048
6618.5 0.5680808236901503
6619.0 0.5761925819576934
6619.5 0.5828541486439759
6620.0 0.589516693844475
6620.5 0.5950014729468166
6621.0 0.5994898101804065
6621.5 0.6059734316036509
6622.0 0.6129125357980344
6622.5 0.6196700413757015
6623.0 0.6260662550220624
6623.5 0.6334620170954464
6624.0 0.6394065276541803
6624.5 0.6460776525904378
6625.0 0.651933630688304
6625.5 0.6574270600990245
6626.0 0.6639192791456495
6626.5 0.6695047755927444
6627.0 0.6757277094923643
6627.5 0.6818591875640729
6628.0 0.6870846767630016
6628.5 0.691493378594142
6629.0 0.6971743413102566
6629.5 0.702402089964498
6630.0 0.707630597083728
6630.5 0.7144030584591811
6631.0 0.7204511029654874
6631.5 0.7235016834120725
6632.0 0.7282790812898599
6632.5 0.733057137264977
6633.0 0.7385624715609227
6633.5 0.744795221629628
6634.0 0.7487570733901538
6634.5 0.7539005949367924
6635.0 0.7571366676970512
6635.5 0.7603731443142603
6636.0 0.7651554521887821
6636.5 0.7718469509488001
6637.0 0.7776312994274461
6637.5 0.781597169441543
6638.0 0.7857456455420053
6638.5 0.7886213286136836
6639.0 0.7921341831657185
6639.5 0.7971937765344322
6640.0 0.8007993661729289
6640.5 0.8052234722471171
6641.0 0.8088301315656593
6641.5 0.811071790479328
6642.0 0.8162261831209564
6642.5 0.8200156570999563
6643.0 0.8250799903837225
6643.5 0.8303273489129139
6644.0 0.8353933652717873
6644.5 0.839095082363229
6645.0 0.8417050336810596
6645.5 0.8444976666532507
6646.0 0.8475636398747604
6646.5 0.8511769037092929
6647.0 0.8536980202585563
6647.5 0.8571299996172519
6648.0 0.8609261026998594
6648.5 0.864267438906119
6649.0 0.8669725549253791
6649.5 0.8720455849773405
6650.0 0.8748422576987774
6650.5 0.8757268459675839
6651.0 0.877886296230898
6651.5 0.8811394772835559
6652.0 0.8832089050625878
6652.5 0.8850961837177702
6653.0 0.8878032128507621
6653.5 0.8889622178667819
6654.0 0.8908502516323018
6654.5 0.8927385380822178
6655.0 0.8956293189271337
6655.5 0.8976099444333808
6656.0 0.9005014682438444
6656.5 0.9043968579183146
6657.0 0.9064692903282644
6657.5 0.9060798897116421
6658.0 0.9094287760843865
6658.5 0.914967244011547
6659.0 0.9184998642858422
6659.5 0.9186590577198946
6660.0 0.920002881548733
6660.5 0.9233549980742226
6661.0 0.9266157740725318
6661.5 0.93033319281241
6662.0 0.9335030753233513
6662.5 0.93658353309021
6663.0 0.937564712132815
6663.5 0.9382714077005874
6664.0 0.9395273837595468
6664.5 0.9405997595193561
6665.0 0.9418550270856786
6665.5 0.9421975572379795
6666.0 0.9419927369826221
6666.5 0.9416050613301087
6667.0 0.9433172291273499
6667.5 0.9451215492450477
6668.0 0.9461038184323818
6668.5 0.9458072127276377
6669.0 0.9451458156031465
6669.5 0.9446672074264072
6670.0 0.9455577751925353
6670.5 0.9453529872849294
6671.0 0.9466095584344112
6671.5 0.9485980732753887
6672.0 0.9480275718570476
6672.5 0.9468171456827666
6673.0 0.9476183474848556
6673.5 0.9503376180597025
6674.0 0.9512302550222314
6674.5 0.9504768712061998
6675.0 0.9494493446214942
6675.5 0.9499760702519139
6676.0 0.9502287909291537
6676.5 0.9485617861249876
6677.0 0.9476248784308189
6677.5 0.9484257726730343
6678.0 0.946941359211959
6678.5 0.9454557101507892
6679.0 0.9437866812282756
6679.5 0.9414778450567419
6680.0 0.9427358890884271
6680.5 0.9401513345751699
6681.0 0.9389398472969637
6681.5 0.9380935297551044
6682.0 0.935599986985831
6682.5 0.9337457690669825
6683.0 0.9325330305417938
6683.5 0.9292140167102152
6684.0 0.9275418888733047
6684.5 0.9277924490027927
6685.0 0.9286840254076194
6685.5 0.9271024392955334
6686.0 0.927078354157981
6686.5 0.9255885087346478
6687.0 0.9252897185670014
6687.5 0.9245319527977877
6688.0 0.9224002273932452
6688.5 0.9234750775048027
6689.0 0.9247325061767206
6689.5 0.925532098556788
6690.0 0.9254156850706466
6690.5 0.9266745909473504
6691.0 0.9244509690102453
6691.5 0.9256172372967244
6692.0 0.9275194005935199
6692.5 0.9284156914215596
6693.0 0.92702192808487
6693.5 0.9264532100288507
6694.0 0.9278096412329067
6694.5 0.9305426599308657
6695.0 0.9315335019672392
6695.5 0.9340829708999557
6696.0 0.9340635394668209
6696.5 0.9340438787398802
6697.0 0.9300780985738385
6697.5 0.9291374113827966
6698.0 0.9295702283090358
6698.5 0.9315591477669187
6699.0 0.934371396665608
6699.5 0.93406088599474
6700.0 0.934114020705113
6700.5 0.9338882154253659
6701.0 0.9343968914856876
6701.5 0.9361025725575473
6702.0 0.9328572878271039
6702.5 0.9316333909163107
6703.0 0.93041345161724
6703.5 0.9289199006869131
6704.0 0.929632020200783
6704.5 0.9289691534663083
6705.0 0.9301430006166741
6705.5 0.9292990298660198
6706.0 0.9287320331343238
6706.5 0.9271536107997836
6707.0 0.924014499911068
6707.5 0.9233546832038344
6708.0 0.9202137569570394
6708.5 0.9185416853307281
6709.0 0.9168669133349955
6709.5 0.9140883563558124
6710.0 0.9134193419467586
6710.5 0.9108205836096939
6711.0 0.9096918552157286
6711.5 0.9082871316284054
6712.0 0.9049530613295539
6712.5 0.9035498515860851
6713.0 0.9026979566110218
6713.5 0.9023058691571434
6714.0 0.900718904913945
6714.5 0.8974759622806383
6715.0 0.895428690333164
6715.5 0.8932894316601102
6716.0 0.8903205296622666
6716.5 0.887351870620481
6717.0 0.8849338271259691
6717.5 0.8854586712344003
6718.0 0.8858913871434716
6718.5 0.8868750463378092
6719.0 0.8862021259135373
6719.5 0.8850681370470864
6720.0 0.8866925384054992
6720.5 0.8871215289092753
6721.0 0.88856295976123
6721.5 0.8881642618846477
6722.0 0.8898827237560026
6722.5 0.8916018010157162
6723.0 0.8946106716431902
6723.5 0.8956873584841241
6724.0 0.8997099357491251
6724.5 0.9013397666630437
6725.0 0.9061003070295521
6725.5 0.9069947784965223
6726.0 0.9075207829142515
6726.5 0.9096119803365054
6727.0 0.9122578933989549
6727.5 0.9153638797482282
6728.0 0.9184704043819462
6728.5 0.9198275732397626
6729.0 0.9201708617165398
6729.5 0.9203297159424905
6730.0 0.9208575891010199
6730.5 0.9193578778165776
6731.0 0.920254780452365
6731.5 0.9229024240956807
6732.0 0.9236151197662372
6732.5 0.9275543440628705
6733.0 0.9290047900618226
6733.5 0.9307318391507727
6734.0 0.9328283673703048
6734.5 0.9328035609074555
6735.0 0.9332408674657615
6735.5 0.931833780327253
6736.0 0.9311631572604746
6736.5 0.9345523460245703
6737.0 0.9352665839558554
6737.5 0.9358881216720156
6738.0 0.9374323881317774
6738.5 0.9422072195095118
6739.0 0.9446750270748527
6739.5 0.9463133770875198
6740.0 0.9485053378871652
6740.5 0.9479285946515015
6741.0 0.9484591932502991
6741.5 0.9489895499289293
6742.0 0.949519703320894
6742.5 0.9499577776326585
6743.0 0.9515957382006361
6743.5 0.9550804065139407
6744.0 0.9556104190655111
6744.5 0.9552169727431439
6745.0 0.9566704566146743
6745.5 0.9594165504784371
6746.0 0.9607786094022951
6746.5 0.9621399260732137
6747.0 0.961563028125165
6747.5 0.9631098343470879
6748.0 0.9626252566828984
6748.5 0.9649117702462066
6749.0 0.96424274780227
6749.5 0.9643129663551699
6750.0 0.9647533225033489
6750.5 0.9638062956624976
6751.0 0.9658180935777779
6751.5 0.9649639372314724
6752.0 0.9665127799303941
6752.5 0.966212779280447
6753.0 0.9673926533066075
6753.5 0.9690350100170999
6754.0 0.9688281624823968
6754.5 0.9676034177176763
6755.0 0.9676737083425953
6755.5 0.9674667590894758
6756.0 0.9722541391931518
6756.5 0.9724179960000715
6757.0 0.9722114755463178
6757.5 0.9731144052772389
6758.0 0.9754985578482394
6758.5 0.9783458030022777
6759.0 0.9771224693430957
6759.5 0.9789519663182052
6760.0 0.9788381459313632
6760.5 0.9785390209063991
6761.0 0.9794410350233832
6761.5 0.9784919959470759
6762.0 0.9789309876254049
6762.5 0.9814058081685773
6763.0 0.9841594764043866
6763.5 0.9806161701928513
6764.0 0.9780919894514508
6764.5 0.9782531525520995
6765.0 0.980082727440625
6765.5 0.9797815621387267
6766.0 0.9797592095553559
6766.5 0.9805701146774924
6767.0 0.9826786697620955
6767.5 0.9839533486992464
6768.0 0.985042756602822
6768.5 0.989468887518842
6769.0 0.9873165163218246
6769.5 0.9875721075224617
6770.0 0.9878287624902998
6770.5 0.9874363915387748
6771.0 0.9855611974418668
6771.5 0.9886911582520898
6772.0 0.9880208412086878
6772.5 0.9894827580603345
6773.0 0.9903879717173125
6773.5 0.9923140193557963
6774.0 0.9936843915131857
6774.5 0.9937562142599549
6775.0 0.9921588198069841
6775.5 0.9905612707478527
6776.0 0.9904473817087622
6776.5 0.9867150435798197
6777.0 0.9889214211004388
6777.5 0.9927046801329673
6778.0 0.9942611077281035
6778.5 0.9930338859103319
6779.0 0.9947775702916445
6779.5 0.9974485553330774
6780.0 0.9994697730162014
6780.5 0.9974996340777746
6781.0 0.9970147836892254
6781.5 0.9962502647818079
6782.0 0.9952081260608908
6782.5 0.9946289647728567
6783.0 0.9957209293741371
6783.5 0.9959779100131374
6784.0 0.9977205813155026
6784.5 0.9984424366395178
6785.0 1.0
6785.5 0.9975647873387542
6786.0 0.9965217583420368
6786.5 0.9966862031449403
6787.0 0.9975013049771625
6787.5 0.9954364886429868
6788.0 0.9942081633336326
6788.5 0.9931648514283484
6789.0 0.9922139521434803
6789.5 0.9928441132609659
6790.0 0.9913354275654388
6790.5 0.9935445489805828
6791.0 0.9944527684169518
6791.5 0.9966618731799081
6792.0 0.9938508692784834
6792.5 0.9936417253822196
6793.0 0.994642217911405
6793.5 0.9934115189864561
6794.0 0.9934821976981
6794.5 0.994018102599446
6795.0 0.9926939373251267
6795.5 0.9926715020412045
6796.0 0.9929290502216975
6796.5 0.9935592582732489
6797.0 0.9930718383507762
6797.5 0.9921201263778266
6798.0 0.9946103620055434
6798.5 0.9926338840624723
6799.0 0.98944759442637
6799.5 0.9872858673803646
6800.0 0.9870790993353612
6800.5 0.9851970396133892
6801.0 0.982385894712145
6801.5 0.982088336875742
6802.0 0.983095466924574
6802.5 0.9825200062583422
6803.0 0.9817593101911903
6803.5 0.9821153850973184
6804.0 0.9790248828109624
6804.5 0.9788218072894247
6805.0 0.9780595882728899
6805.5 0.9777614012476452
6806.0 0.9768115847833693
6806.5 0.9752080325595005
6807.0 0.9760286084918405
6807.5 0.9720946688219971
6808.0 0.9725414689090273
6808.5 0.9738264727774225
6809.0 0.971943068131917
6809.5 0.9716435612862236
6810.0 0.969666521953606
6810.5 0.9667584165929531
6811.0 0.9645951107018658
6811.5 0.9622462045190169
6812.0 0.9619480816648962
6812.5 0.9613705199294102
6813.0 0.962192032053182
6813.5 0.9606826906325228
6814.0 0.9569326734896766
6814.5 0.9566349208075295
6815.0 0.9538164153588761
6815.5 0.9544506717493754
6816.0 0.9513511684948648
6816.5 0.9511446797186738
6817.0 0.9522542557161845
6817.5 0.9514441609473379
6818.0 0.950183903464243
6818.5 0.9508732459624633
6819.0 0.9497474669586138
6819.5 0.9478079173401376
6820.0 0.9459585700946902
6820.5 0.944734482652819
6821.0 0.9435794622802328
6821.5 0.942516573503683
6822.0 0.9411912726724774
6822.5 0.941210165585936
6823.0 0.9423134771186354
6823.5 0.9428418434384022
6824.0 0.9428201300261403
6824.5 0.9414311180950525
6825.0 0.9385138506066745
6825.5 0.9381752518225263
6826.0 0.9361233931711547
6826.5 0.935291668369041
6827.0 0.9375458416373409
6827.5 0.9379677387692181
6828.0 0.9391446359704088
6828.5 0.9385619322004249
6829.0 0.9377854428173115
6829.5 0.936711355963682
6830.0 0.9381081000068457
6830.5 0.9381686125839247
6831.0 0.937082925198884
6831.5 0.9389275944139894
6832.0 0.9402871348843845
6832.5 0.9396927211295782
6833.0 0.9409372255938643
6833.5 0.939046065940908
6834.0 0.9405765754280632
6834.5 0.9415691280334633
6835.0 0.9412935656988772
6835.5 0.9438119613774605
6836.0 0.9461772718656363
6836.5 0.946816929885851
6837.0 0.9479396415053494
6837.5 0.9499052702798895
6838.0 0.9504987224460274
6838.5 0.9498965514840323
6839.0 0.9514876146501497
6839.5 0.951774200198826
6840.0 0.951757736759787
6840.5 0.9526224419037581
6841.0 0.9523554931326581
6841.5 0.9535291047189015
6842.0 0.954682956082673
6842.5 0.9543597220754502
6843.0 0.9558608839832468
6843.5 0.954893153189176
6844.0 0.9541173133680454
6844.5 0.9552742853816883
6845.0 0.9559040377022927
6845.5 0.9561957407294119
6846.0 0.9566101843733927
6846.5 0.9588731582405872
6847.0 0.9586046528102333
6847.5 0.9572547556948854
6848.0 0.9576412830421623
6848.5 0.9568411755524937
6849.0 0.9566677567725007
6849.5 0.9553836747887196
6850.0 0.9536190415117519
6850.5 0.9558221271216336
6851.0 0.9529963528010265
6851.5 0.9512411761378885
6852.0 0.9501963230441365
6852.5 0.9479650743643533
6853.0 0.9457322209613598
6853.5 0.9453183422756014
6854.0 0.9433745140309004
6854.5 0.941359336959882
6855.0 0.941993286692447
6855.5 0.9419315759348192
6856.0 0.9413414126310181
6856.5 0.9413121096974228
6857.0 0.9415745562331523
6857.5 0.9437482091581586
6858.0 0.9432180403715764
6858.5 0.9393484099194525
6859.0 0.9387187120528817
6859.5 0.9396939804681486
6860.0 0.9396519178998881
6860.5 0.9415585603218799
6861.0 0.9419057754314654
6861.5 0.9415105776300416
6862.0 0.9408313404847646
6862.5 0.941403182330471
6863.0 0.9381106240683229
6863.5 0.938507023069603
6864.0 0.9361325333136787
6864.5 0.9350347201694907
6865.0 0.9325290274838192
6865.5 0.9302248915305608
6866.0 0.9282003703194907
6866.5 0.9278887590363325
6867.0 0.9268834524891433
6867.5 0.926073486146695
6868.0 0.925450503163171
6868.5 0.9224137356276951
6869.0 0.9225865420230452
6869.5 0.921492525973733
6870.0 0.9196604703755913
6870.5 0.9173520794635129
6871.0 0.9171608944072612
6871.5 0.9114222991308074
6872.0 0.9088845213440185
6872.5 0.9061649877769542
6873.0 0.9062073450014444
6873.5 0.9070579001880641
6874.0 0.9098776784520866
6874.5 0.9096941727115903
6875.0 0.9091770729826946
6875.5 0.9080479656822884
6876.0 0.9082574838546172
6876.5 0.9091769241122025
6877.0 0.9086267674379906
6877.5 0.9067165071206668
6878.0 0.9078230146317785
6878.5 0.9070218775500671
6879.0 0.90638761171582
6879.5 0.907989249974026
6880.0 0.9101833010681233
6880.5 0.9128222893667622
6881.0 0.9131501588702694
6881.5 0.9100653767928306
6882.0 0.906628121423187
6882.5 0.9075840567807554
6883.0 0.9079410996145082
6883.5 0.9081061994707937
6884.0 0.9073347520751918
6884.5 0.9048865339161881
6885.0 0.9024137677634125
6885.5 0.9002896685253532
6886.0 0.899314619793993
6886.5 0.8998465902194694
6887.0 0.8993909184466032
6887.5 0.8990137128272092
6888.0 0.8974721534515039
6888.5 0.8967312082033104
6889.0 0.8967936186652382
6889.5 0.8981136117271267
6890.0 0.8981992103297296
6890.5 0.8971410674290831
6891.0 0.8973454451719962
6891.5 0.8961313946523648
6892.0 0.8937604322725446
6892.5 0.8937998223585463
6893.0 0.8951775001386739
6893.5 0.8977998900044918
6894.0 0.8988012215318121
6894.5 0.8982745620277509
6895.0 0.9004290485325115
6895.5 0.9003414552194762
6896.0 0.9011458396542943
6896.5 0.9012300866689381
6897.0 0.9015778774007347
6897.5 0.899851800516456
6898.0 0.9012587964380764
6898.5 0.8998810739685286
6899.0 0.9006612959450927
6899.5 0.9000128611240265
6900.0 0.8991968297200768
6900.5 0.8995651630454073
6901.0 0.8986873042086118
6901.5 0.8963778482564319
6902.0 0.8936203328911686
6902.5 0.8920307878076129
6903.0 0.8876417183141219
6903.5 0.8843215154024079
6904.0 0.8811679739889348
6904.5 0.8775562692897485
6905.0 0.8753824477247757
6905.5 0.875099001687435
6906.0 0.8728251522997651
6906.5 0.8712679373429657
6907.0 0.8679884536175324
6907.5 0.8664157082966799
6908.0 0.8667344796429848
6908.5 0.8632498331566018
6909.0 0.8602178038040659
6909.5 0.8574631294611996
6910.0 0.8555329221710174
6910.5 0.8524376902554421
6911.0 0.8511641768042585
6911.5 0.8526192646526495
6912.0 0.851899317543531
6912.5 0.8501781549823845
6913.0 0.8460873386312647
6913.5 0.8440727133231781
6914.0 0.8416890777736532
6914.5 0.8401190169304228
6915.0 0.835813751258574
6915.5 0.8321402580642148
6916.0 0.8297350865978961
6916.5 0.8277806326080456
6917.0 0.8255487329712217
6917.5 0.8235818367789653
6918.0 0.8192342514637562
6918.5 0.8172531976327835
6919.0 0.8137206089301662
6919.5 0.8100097068621139
6920.0 0.8059407827410716
6920.5 0.80151616062167
6921.0 0.7992003871320021
6921.5 0.7967062292419933
6922.0 0.7912832255461554
6922.5 0.7871329819603132
6923.0 0.7873674927718719
6923.5 0.7846644067027734
6924.0 0.7771917815525413
6924.5 0.7742028739352317
6925.0 0.7701994502197568
6925.5 0.7666490074854077
6926.0 0.7639197423151423
6926.5 0.7597172361803591
6927.0 0.7556920866694882
6927.5 0.7505574008971075
6928.0 0.7464234034737276
6928.5 0.7432939562539588
6929.0 0.7384158006152884
6929.5 0.7324346408685497
6930.0 0.728758814295485
6930.5 0.722606241380245
6931.0 0.713509719570937
6931.5 0.7067129065522039
6932.0 0.7033218387426404
6932.5 0.6967857189779117
6933.0 0.6901471083621449
6933.5 0.684793860077817
6934.0 0.6788793354847891
6934.5 0.6715719660247383
6935.0 0.6634254446907548
6935.5 0.657581397518166
6936.0 0.6517319126013281
6936.5 0.6442094420976328
6937.0 0.6393646871345489
6937.5 0.6324772961519981
6938.0 0.6256704348953909
6938.5 0.6204322060331008
6939.0 0.6144479415311557
6939.5 0.6102258390047052
6940.0 0.6038728909965894
6940.5 0.5979894608225825
6941.0 0.5925709087282279
6941.5 0.5871510978739403
6942.0 0.5814453003843404
6942.5 0.5764748310786088
6943.0 0.5721486055025264
6943.5 0.5670741082575117
6944.0 0.5609683882215316
6944.5 0.55606781693547
6945.0 0.5485535275698252
6945.5 0.5436413801804548
6946.0 0.539003558455983
6946.5 0.5324025039065118
6947.0 0.5283146416745769
6947.5 0.5233819098515914
6948.0 0.5183481295321517
6948.5 0.512934229852971
6949.0 0.5081704382012708
6949.5 0.5024710653983319
6950.0 0.4974279454818755
6950.5 0.49163904484829957
6951.0 0.4862247076853722
6951.5 0.48005748059866743
6952.0 0.47406862292088964
6952.5 0.4696673119879708
6953.0 0.4649792388469233
6953.5 0.45925508377773067
6954.0 0.45380653933544896
6954.5 0.4488219078726992
6955.0 0.44439527038648996
6955.5 0.43855625146693694
6956.0 0.43148935096931285
6956.5 0.42591966814023346
6957.0 0.41921717224690785
6957.5 0.41297904355946713
6958.0 0.40729888657104146
6958.5 0.40236534613192393
6959.0 0.3971441094019964
6959.5 0.3906016353094639
6960.0 0.3850023476774727
6960.5 0.37846186994660075
6961.0 0.3729563556254969
6961.5 0.36697374395208765
6962.0 0.3610782175458683
6962.5 0.35659372607
6963.0 0.35078285803332093
6963.5 0.34487253320497685
6964.0 0.3426435834374608
6964.5 0.3388040002181965
6965.0 0.3345818145233599
6965.5 0.3302624580135804
6966.0 0.32499112049830525
6966.5 0.31962077543572814
6967.0 0.3155718101353832
6967.5 0.31180439156800716
6968.0 0.30641997863632964
6968.5 0.3023590436044751
6969.0 0.29772398164250286
6969.5 0.29375154214770605
6970.0 0.28882876129451673
6970.5 0.2844784437704894
6971.0 0.2783185380663024
6971.5 0.2740551834272846
6972.0 0.2675043246802806
6972.5 0.26180364854719634
6973.0 0.2560042399565436
6973.5 0.25134186573400047
6974.0 0.24743740062745687
6974.5 0.24276713393259336
6975.0 0.23856957128221157
6975.5 0.23455933158400272
6976.0 0.23274014893825817
6976.5 0.22900995320035816
6977.0 0.22441663872274514
6977.5 0.22096606355853077
6978.0 0.21732221404535837
6978.5 0.21301271857658383
6979.0 0.21014026736125757
6979.5 0.20706305580215606
6980.0 0.20443527050482196
6980.5 0.20024433873275221
6981.0 0.19824855645995604
6981.5 0.1942457302991379
6982.0 0.19100687995330362
6982.5 0.18786383296569562
6983.0 0.18376263349457625
6983.5 0.1800431522854714
6984.0 0.17661118040319154
6984.5 0.17451895185192468
6985.0 0.1715637979583995
6985.5 0.16995079835130536
6986.0 0.16728193285760992
6986.5 0.16537997135300816
6987.0 0.16347767044890704
6987.5 0.160425866190776
6988.0 0.15756437105062457
6988.5 0.1564274508814229
6989.0 0.15423626671562354
6989.5 0.15166084113979758
6990.0 0.14965989253439152
6990.5 0.14737230562656933
6991.0 0.1457547108608744
6991.5 0.1435618475079326
6992.0 0.14088905484242434
6992.5 0.13773515956043927
6993.0 0.13602062516775898
6993.5 0.13161987913389395
6994.0 0.12952031797315022
6994.5 0.1270372184815484
6995.0 0.12474475731261993
6995.5 0.12302831724361721
6996.0 0.12092725721538429
6996.5 0.11873026538849617
6997.0 0.11499640980876981
6997.5 0.11423849639629151
6998.0 0.11108027101130817
6998.5 0.10878501375564588
6999.0 0.10601051604265964
6999.5 0.10400266186016226
7000.0 0.10343490530329529
7000.5 0.10229026296554036
7001.0 0.10056911499104787
7001.5 0.09952013384177406
7002.0 0.09847098921508116
7002.5 0.09636483847962495
7003.0 0.09464269854200685
7003.5 0.09291072539060864
7004.0 0.09135133614029353
7004.5 0.08971494728556689
7005.0 0.0893758358769117
7005.5 0.08715264171420058
7006.0 0.08596726710657682
7006.5 0.08392616751484333
7007.0 0.08316343080097559
7007.5 0.08210255236793505
7008.0 0.07948363428358116
7008.5 0.0762297748699945
7009.0 0.07411980114857886
7009.5 0.07306747662532584
7010.0 0.07149553956731539
7010.5 0.07022162947562677
7011.0 0.06822601856837583
7011.5 0.06581632451672452
7012.0 0.06364691028095024
7012.5 0.062150730209048474
7013.0 0.06058683496574102
7013.5 0.057742861113772914
7014.0 0.05796861980445132
7014.5 0.05742439047120878
7015.0 0.05616781535221548
7015.5 0.053967541101805704
7016.0 0.053211158076812516
7016.5 0.053812195581837315
7017.0 0.053614034941364595
7017.5 0.051827047167139415
7018.0 0.05087754719154673
7018.5 0.05005318887140607
7019.0 0.0506349171946585
7019.5 0.050860304180463604
7020.0 0.05084489007395113
7020.5 0.049808301183046584
7021.0 0.0472974460168048
7021.5 0.04770565925559277
7022.0 0.04569537026040497
7022.5 0.04353051892545126
7023.0 0.0423580068338516
7023.5 0.04161904849762608
7024.0 0.04069689482220033
7024.5 0.03893590117433296
7025.0 0.03821581410324135
7025.5 0.03820902016663983
7026.0 0.037681610085892346
7026.5 0.03673949467999252
7027.0 0.03643367329633314
7027.5 0.035510627316588744
7028.0 0.034558420001373845
7028.5 0.03436813076942655
7029.0 0.03509423643364623
7029.5 0.033948935954865485
7030.0 0.033517353048305214
7030.5 0.034243558360487175
7031.0 0.03404345793379283
7031.5 0.03415226193787252
7032.0 0.03278439834180132
7032.5 0.03331773544711474
7033.0 0.03235502431923084
7033.5 0.030697116471985534
7034.0 0.02935751433762288
7034.5 0.029128098489872935
7035.0 0.028830932926467025
7035.5 0.02807996870896136
7036.0 0.027550976237007804
7036.5 0.027659366779529716
7037.0 0.0270143396752901
7037.5 0.026407892294511175
7038.0 0.025810969493583864
7038.5 0.025590757708132073
7039.0 0.024549199495609964
7039.5 0.02463806196721277
7040.0 0.024871877863225967
7040.5 0.023714148502661767
7041.0 0.024228124413777308
7041.5 0.02529309776937481
7042.0 0.025836243692252955
7042.5 0.02417555828403659
7043.0 0.02201201604364956
7043.5 0.021907267705692686
7044.0 0.02129982207603928
7044.5 0.020150846063412064
7045.0 0.02114835611098452
7045.5 0.02169146963639836
7046.0 0.021799553890914262
7046.5 0.021617382077772068
7047.0 0.021551278980907293
7047.5 0.02065327301985889
7048.0 0.020441971291080354
7048.5 0.02037576458746739
7049.0 0.020009638566471318
7049.5 0.018840321886934807
7050.0 0.018551421724213698
7050.5 0.019520624891316514
7051.0 0.018989767284354017
7051.5 0.018507228793621235
7052.0 0.018953879020241902
7052.5 0.019632983920859878
7053.0 0.017930536264277402
7053.5 0.017612398486648417
7054.0 0.017846069100156296
7054.5 0.01764410551677624
7055.0 0.017229027884051087
7055.5 0.016387687777182372
7056.0 0.015652724317412377
7056.5 0.014578714711119392
7057.0 0.014047003846320558
7057.5 0.014609970747599236
7058.0 0.014194469436223099
7058.5 0.014311842939051758
7059.0 0.015185073672356005
7059.5 0.01582580370414951
7060.0 0.01595297607678767
7060.5 0.015663401934477388
7061.0 0.01589727346524496
7061.5 0.015898477580859115
7062.0 0.014736290679190588
7062.5 0.014737407283317282
7063.0 0.014854902084082657
7063.5 0.015185666709813025
7064.0 0.015506932071741062
7064.5 0.015750572282192073
7065.0 0.014500508863602084
7065.5 0.014637450940716447
7066.0 0.015172104080059921
7066.5 0.014843358200268086
7067.0 0.013039901109906367
7067.5 0.012070586963246316
7068.0 0.01131452319466008
7068.5 0.009976203549192278
7069.0 0.00943346618850443
7069.5 0.00841214555508973
7070.0 0.009479539333485288
7070.5 0.008724054983314682
7071.0 0.007940298549916736
7071.5 0.0073039901042398865
7072.0 0.006978303766178175
7072.5 0.006741894879265655
7073.0 0.007126970333149621
7073.5 0.005808635770601322
7074.0 0.004831029375147009
7074.5 0.00429813094835874
7075.0 0.0050250630055775755
7075.5 0.004550397680199215
7076.0 0.005040396299225678
7076.5 0.0051447431307798915
7077.0 0.005441499357499246
7077.5 0.006761571705282444
7078.0 0.006302402856119237
7078.5 0.006406876139195536
7079.0 0.007044981222100142
7079.5 0.007534459014708234
7080.0 0.0077139053672115425
7080.5 0.008040177571680055
7081.0 0.008026198811098765
7081.5 0.008546045008955899
7082.0 0.0077308143435928876
7082.5 0.006825998909535687
7083.0 0.0064851303252129785
7083.5 0.007153827636050857
7084.0 0.006159271808697725
7084.5 0.006545934145146329
7085.0 0.006650512266662999
7085.5 0.005804552653470598
7086.0 0.005062580888477174
7086.5 0.005463873191015035
7087.0 0.005345555119048962
7087.5 0.005746928930110092
7088.0 0.006074385308981859
7088.5 0.0050800577461768805
7089.0 0.005080438214671611
7089.5 0.005480932183704122
7090.0 0.00580846638432788
7090.5 0.006210055232035387
7091.0 0.006626311194555852
7091.5 0.0063297958570363196
7092.0 0.0071181519954799715
7092.5 0.006420355837879981
7093.0 0.005632841477326607
7093.5 0.0049348286132799455
7094.0 0.00475692786978361
7094.5 0.003641764469079931
7095.0 0.003969420176785969
7095.5 0.002884231067457741
7096.0 0.0019928030984674265
7096.5 0.002394469620901736
7097.0 0.0023946497950423193
7097.5 0.0
7098.0 0.001472871867120053
7098.5 0.0024838962838729327
7099.0 0.0014877171212516749
7099.5 0.0014878291428170143
7100.0 0.0
7100.5 0.0015475434700563603
7101.0 0.002351227316484618
7101.5 0.0039138126481980595
7102.0 0.00483680471706425
7102.5 0.005447788303546083
7103.0 0.004599511926499699
7103.5 0.00459986166528656
7104.0 0.004257761002863693
7104.5 0.005270889180323119
7105.0 0.005285926962912284
7105.5 0.005747916381445448
7106.0 0.0043927522633712655
7106.5 0.004199834857684213
7107.0 0.004900020057021549
7107.5 0.005019488864025027
7108.0 0.005600739118470383
7108.5 0.0036202022019516146
7109.0 0.0036351225672675886
7109.5 0.00372523414053395
7110.0 0.0037401613985218016
7110.5 0.003547072410742674
7111.0 0.004098183108145966
7111.5 0.004917996134919698
7112.0 0.006379703176623786
7112.5 0.0054853356764951585
7113.0 0.005366550738093821
7113.5 0.005292698877344997
7114.0 0.006992308784910013
7114.5 0.006784688526896368
7115.0 0.005219602839725151
7115.5 0.005219991614429369
7116.0 0.003982001470230589
7116.5 0.0034456514584731293
7117.0 0.004176148623843853
7117.5 0.0034461632002089617
7118.0 0.0028197128385124342
7118.5 0.00344667527389291
7119.0 0.0036708645563610838
7119.5 0.0032379088210357137
7120.0 0.0016860750530096882
7120.5 0.0017615047347656584
7121.0 0.0
7121.5 0.0015671100238387667
7122.0 0.0
7122.5 0.0019557590112548318
7123.0 0.004673025118131673
7123.5 0.004554005797106262
7124.0 0.0058979452100593405
7124.5 0.007302765343578354
7125.0 0.004793835708843734
7125.5 0.003555029776486241
7126.0 0.0037344296111570764
7126.5 0.003107204751409288
7127.0 0.002330085901637427
7127.5 0.0025544793896785578
7128.0 0.002644746678176907
7128.5 0.0027193743571612334
7129.0 0.0027195780902325647
7129.5 0.0024063751716742947
7130.0 0.0032430139696608346
7130.5 0.0
7131.0 0.0
7131.5 0.0
7132.0 0.0
7132.5 0.0
7133.0 0.00168936182260411
7133.5 0.0011661746914501138
7134.0 0.0
7134.5 0.0016299451783132483
7135.0 0.0019741223241850417
7135.5 0.0013616359518375466
7136.0 0.0
7136.5 0.0
7137.0 0.0
7137.5 0.0
7138.0 0.0
7138.5 0.0
7139.0 0.0
7139.5 0.0
7140.0 0.0
7140.5 0.0
7141.0 0.0
7141.5 0.0
7142.0 0.0015665341131966234
7142.5 0.0
7143.0 0.0
7143.5 0.0
7144.0 0.0
7144.5 0.0013967699819203013
7145.0 0.0017966537167001845
7145.5 0.0
7146.0 0.001853126639010648
7146.5 0.002978026236548446
7147.0 0.002990252195242349
7147.5 0.001642288615199552
7148.0 0.0018328040156058332
7148.5 0.002673479959744803
7149.0 0.0012244539171927691
7149.5 0.0020642697656076897
7150.0 0.0020771110761592646
7150.5 0.0026061323091999124
7151.0 0.004677841607143116
7151.5 0.004600875343153687
7152.0 0.003554737402491378
7152.5 0.0027439850674239406
7153.0 0.003167514904172129
7153.5 0.002432307586578476
7154.0 0.0015956105520115427
7154.5 0.0
7155.0 0.0
7155.5 0.0020885544142521294
7156.0 0.0025105705079186817
7156.5 0.0027704131580702242
7157.0 0.003452835991176527
7157.5 0.0035664741755834914
7158.0 0.0038839434505108217
7158.5 0.004593347793640037
7159.0 0.003485539236259649
7159.5 0.0032506582314617677
7160.0 0.0039008506780764812
7160.5 0.004157829467977257
7161.0 0.00403868196468693
7161.5 0.005366277920448328
7162.0 0.00380096340644381
7162.5 0.003610468663041122
7163.0 0.0024671068829123194
7163.5 0.0017876346260239416
7164.0 0.0015558136132958955
7164.5 0.0012951338733139424
7165.0 0.0017116064720400512
7165.5 0.0012930148819094045
7166.0 0.0
7166.5 0.0
7167.0 0.0
7167.5 0.0
7168.0 0.0
7168.5 0.0
7169.0 0.0
7169.5 0.0
7170.0 0.0
7170.5 0.0
7171.0 0.0
7171.5 0.0
7172.0 0.0
7172.5 0.0
7173.0 0.0
7173.5 0.0
7174.0 0.0
7174.5 0.00111778748375745
7175.0 0.0026019269097547044
7175.5 0.0017372313520005226
7176.0 0.004104468603659804
7176.5 0.004198410236619691
7177.0 0.004897368020087748
7177.5 0.0025447295633385914
7178.0 0.0
7178.5 0.0
7179.0 0.0
7179.5 0.0
7180.0 0.0
7180.5 0.0
7181.0 0.0
7181.5 0.0
7182.0 0.0
7182.5 0.0
7183.0 0.0
7183.5 0.0
7184.0 0.0
7184.5 0.0
7185.0 0.0
7185.5 0.0
7186.0 0.0
7186.5 0.0
7187.0 0.0
7187.5 0.0
7188.0 0.001101978338599832
7188.5 0.0
7189.0 0.0018389439517343673
7189.5 0.0022357447973133664
7190.0 0.00271827530939533
7190.5 0.0018554090008115847
7191.0 0.001870192905179547
7191.5 0.0023392750413875544
7192.0 0.0032902502863861897
7192.5 0.003688821934968362
7193.0 0.0037053969932347997
7193.5 0.004672266407511028
7194.0 0.004390403569244982
7194.5 0.004392411446356968
7195.0 0.003441903554523888
7195.5 0.004040231519854271
7196.0 0.003388144140550025
7196.5 0.0036024750601365
7197.0 0.0023361419229811554
7197.5 0.0018673389272216058
7198.0 0.001982198324757849
7198.5 0.002496414112141709
7199.0 0.0014414678723256432
