7076.0 0.0011727387845764197
7076.5 0.0012208502150438537
7077.0 0.0012700314724591363
7077.5 0.001286137448409199
7078.0 0.0013844390966621695
7078.5 0.0013194194592388337
7079.0 0.0013846482519836946
7079.5 0.0014498751952230927
7080.0 0.0015151236495847275
7080.5 0.0015803701312316592
7081.0 0.0015804891456551822
7081.5 0.0015806080049847167
7082.0 0.0016138318720968514
7082.5 0.0016620192101555362
7083.0 0.001776445564144361
7083.5 0.001776578653102043
7084.0 0.0018910305572263082
7084.5 0.002037553304191162
7085.0 0.0021028819859243543
7085.5 0.002282564979757741
7086.0 0.0023158725153794454
7086.5 0.002381236755356865
7087.0 0.0023653822697988873
7087.5 0.002430771788543647
7088.0 0.0024138425684231564
7088.5 0.0024792454386967856
7089.0 0.0025125709950254383
7089.5 0.0025779792794972537
7090.0 0.002757830660419061
7090.5 0.0027740786376927273
7091.0 0.002839521690648334
7091.5 0.002954182574498508
7092.0 0.002970449846257227
7092.5 0.0030519693033526944
7093.0 0.00303615209913424
7093.5 0.003150863067598955
7094.0 0.0031179360459757024
7094.5 0.00331505612012424
7095.0 0.003396644300834401
7095.5 0.0034782329674645737
7096.0 0.003543779167895665
7096.5 0.003560101895136407
7097.0 0.0036096183044201447
7097.5 0.0036430720026028756
7098.0 0.0037900242532911944
7098.5 0.003904877350927438
7099.0 0.003986546375272032
7099.5 0.004068239700174342
7100.0 0.004200271084015796
7100.5 0.004347322087784975
7101.0 0.00439691757898281
7101.5 0.004462588947978375
7102.0 0.0046257637282621005
7102.5 0.004806100606536258
7103.0 0.004822537457519203
7103.5 0.004905413493679942
7104.0 0.0050686722505843915
7104.5 0.005216947551390073
7105.0 0.0053963310999241
7105.5 0.005527508627475459
7106.0 0.005511849418366919
7106.5 0.005610894936301149
7107.0 0.005856823464464556
7107.5 0.005889434968255703
7108.0 0.00608610368436553
7108.5 0.006234558150488861
7109.0 0.006643616502175531
7109.5 0.006725622642775394
7110.0 0.006824805991477156
7110.5 0.006972271274792204
7111.0 0.007071485283002243
7111.5 0.007399221674788377
7112.0 0.007563924130406855
7112.5 0.00789174588734789
7113.0 0.008055441032193411
7113.5 0.008335056903465166
7114.0 0.008417237725241172
7114.5 0.008582076881380967
7115.0 0.008779153526168695
7115.5 0.008976247664679025
7116.0 0.009238852049717682
7116.5 0.009271747665463811
7117.0 0.009649310773814233
7117.5 0.009830419122449436
7118.0 0.010142567240749904
7118.5 0.010389257092141767
7119.0 0.010734785013341441
7119.5 0.011030962760938878
7120.0 0.011536651848344577
7120.5 0.01183833378600097
7121.0 0.012064786722968132
7121.5 0.01243104190761713
7122.0 0.012979922679623116
7122.5 0.013475274284258354
7123.0 0.013723434169023148
7123.5 0.01416506095365826
7124.0 0.014467050555665335
7124.5 0.014790606846294563
7125.0 0.015006713205876872
7125.5 0.015480914067380488
7126.0 0.01606270088111739
7126.5 0.016450941143005392
7127.0 0.017032889105259262
7127.5 0.01742126057293351
7128.0 0.017874288266506725
7128.5 0.01819829341723891
7129.0 0.01875900714480624
7129.5 0.019136908389325663
7130.0 0.019880560846937446
7130.5 0.020484599611096267
7131.0 0.02094876045894424
7131.5 0.021628196165460255
7132.0 0.022135602352299246
7132.5 0.02276141764854099
7133.0 0.02326898326963199
7133.5 0.023927242575904763
7134.0 0.024650256103879303
7134.5 0.02544875628554157
7135.0 0.02607504986481393
7135.5 0.026712858306866247
7136.0 0.02718175850768366
7136.5 0.027976068086910274
7137.0 0.029019502345069698
7137.5 0.02983670360822521
7138.0 0.030566076167383112
7138.5 0.03121662678737
7139.0 0.032153202698867595
7139.5 0.03309333125613529
7140.0 0.03398099105725295
7140.5 0.03498816096231159
7141.0 0.03591789898937761
7141.5 0.036738858508325416
7142.0 0.037837818682919896
7142.5 0.039020857457225416
7143.0 0.04022348079701164
7143.5 0.041413517979030354
7144.0 0.04280501054576377
7144.5 0.04426919651422356
7145.0 0.0455707094151145
7145.5 0.047115864977339376
7146.0 0.0481784529393976
7146.5 0.04953784600371694
7147.0 0.050895075386415745
7147.5 0.05214374496696962
7148.0 0.05356054022798982
7148.5 0.055378935528539355
7149.0 0.056737399869465764
7149.5 0.05845454829406794
7150.0 0.05997769491034094
7150.5 0.061529905865982344
7151.0 0.06317487938942393
7151.5 0.06478547052326654
7152.0 0.066626038246375
7152.5 0.06822054196644554
7153.0 0.06965421846595017
7153.5 0.07132797479969429
7154.0 0.07311497690051817
7154.5 0.07519386358347849
7155.0 0.07715372709629137
7155.5 0.07915258979575028
7156.0 0.0814107553418474
7156.5 0.08387519246477228
7157.0 0.0862412802785284
7157.5 0.08848821963295773
7158.0 0.09065793974117566
7158.5 0.09278215830176402
7159.0 0.0950385478352899
7159.5 0.09741631661868595
7160.0 0.09977943113756897
7160.5 0.10200261950879164
7161.0 0.10461801150547041
7161.5 0.10692709110105718
7162.0 0.10944034968240278
7162.5 0.11236516612952263
7163.0 0.11538848523580633
7163.5 0.11830386733798011
7164.0 0.12100674351612606
7164.5 0.1239114315033951
7165.0 0.1271228678959068
7165.5 0.13001895724954532
7166.0 0.13332296775372654
7166.5 0.13620905747504178
7167.0 0.13970887355665526
7167.5 0.14340799093157028
7168.0 0.14669046356620444
7168.5 0.1502745708674768
7169.0 0.15395581063947458
7169.5 0.15752697364939625
7170.0 0.1616060524315713
7170.5 0.16526576160459194
7171.0 0.16881803066991236
7171.5 0.17297828055233064
7172.0 0.17661862987049914
7172.5 0.18045851325498136
7173.0 0.18439347055402758
7173.5 0.18852599031672668
7174.0 0.19285187101840165
7174.5 0.19704554239138866
7175.0 0.20120670282963063
7175.5 0.20554715379937538
7176.0 0.2097685285189861
7176.5 0.21418597989406524
7177.0 0.2186030346372281
7177.5 0.22323342889056452
7178.0 0.22818913583462608
7178.5 0.23287315800814648
7179.0 0.23740019934193785
7179.5 0.24259214935677495
7180.0 0.24775605532754755
7180.5 0.25299703835858456
7181.0 0.2585870998638595
7181.5 0.2637725025128329
7182.0 0.26885057011704117
7182.5 0.2743384269421161
7183.0 0.2797304272361987
7183.5 0.2852281184442959
7184.0 0.2906298056038611
7184.5 0.2961372114882287
7185.0 0.30154851958424406
7185.5 0.3073709850461655
7186.0 0.3125888490206567
7186.5 0.3186237039459447
7187.0 0.32446052924355473
7187.5 0.32969308012753973
7188.0 0.336354734608682
7188.5 0.341801141807879
7189.0 0.34735386423743814
7189.5 0.35342091602951137
7190.0 0.35939209120316506
7190.5 0.36567437050391494
7191.0 0.3711466455514466
7191.5 0.3773371416615553
7192.0 0.383534192846222
7192.5 0.38963392248874973
7193.0 0.39563730755393384
7193.5 0.4019523741331745
7194.0 0.4079662393020515
7194.5 0.4148035813739806
7195.0 0.4212369433381156
7195.5 0.4273688915326065
7196.0 0.43381448187592514
7196.5 0.4401625890603748
7197.0 0.4468237844754425
7197.5 0.45308011997416325
7198.0 0.45965096479770867
7198.5 0.4663300667585189
7199.0 0.47281075772055203
7199.5 0.47960451086490774
7200.0 0.48589161872960324
7200.5 0.4924931011696397
7201.0 0.4991006522325131
7201.5 0.5053016904171377
7202.0 0.5123319649876896
7202.5 0.5187503981390663
7203.0 0.5251743887450998
7203.5 0.5317076923682931
7204.0 0.538245442961485
7204.5 0.5450994681594888
7205.0 0.5524747903796312
7205.5 0.5592368483500698
7206.0 0.5656947934212215
7206.5 0.5724695843571797
7207.0 0.5795594085395848
7207.5 0.5857242790216886
7208.0 0.5924124932036474
7208.5 0.5990023057781565
7209.0 0.6051839280017152
7209.5 0.6110589704308481
7210.0 0.6173559649468904
7210.5 0.6234496109682621
7211.0 0.6298611476777046
7211.5 0.6363816719964109
7212.0 0.6421797141765889
7212.5 0.6480865929421638
7213.0 0.6532850553442352
7213.5 0.6598586645805734
7214.0 0.6659306578374112
7214.5 0.6716009001400501
7215.0 0.6771757850358473
7215.5 0.6829633521764554
7216.0 0.6894834406390291
7216.5 0.6953725024986466
7217.0 0.7011481394285523
7217.5 0.7074317918870721
7218.0 0.712858241435799
7218.5 0.7182600157187632
7219.0 0.724257861185105
7219.5 0.7303230871833487
7220.0 0.7351940922187324
7220.5 0.7408584343831168
7221.0 0.7450239139303856
7221.5 0.7502258465747461
7222.0 0.7552255398678176
7222.5 0.7593970057014591
7223.0 0.7630464814835098
7223.5 0.7676391368823297
7224.0 0.7717086797320678
7224.5 0.7760944426604708
7225.0 0.7806898915961679
7225.5 0.7860204950198508
7226.0 0.7906180801800521
7226.5 0.7942736074450991
7227.0 0.7981388618972836
7227.5 0.8019006447985942
7228.0 0.8061879161557357
7228.5 0.8101617870703497
7229.0 0.8140311190925171
7229.5 0.8169577658371084
7230.0 0.820410074402568
7230.5 0.8241780671195802
7231.0 0.8276323528097509
7231.5 0.8302466107439693
7232.0 0.8328625265502575
7232.5 0.8360029122260013
7233.0 0.8389348434057076
7233.5 0.8410273414852677
7234.0 0.8439604375553482
7234.5 0.8463677171622539
7235.0 0.8483570642683761
7235.5 0.8499248893482741
7236.0 0.8520196814261682
7236.5 0.8540091325820736
7237.0 0.8564199646724745
7237.5 0.8586208386310508
7238.0 0.8607163707377378
7238.5 0.8627088295098796
7239.0 0.8652264363151271
7239.5 0.8674293072792942
7240.0 0.8702633864755481
7240.5 0.8719413184136728
7241.0 0.8738302862986678
7241.5 0.87435190945484
7242.0 0.8760308235168489
7242.5 0.8782363692611322
7243.0 0.8795994134943089
7243.5 0.8804375868741796
7244.0 0.8815916252582701
7244.5 0.8830616177453992
7245.0 0.8840065237433236
7245.5 0.8864243428151841
7246.0 0.887790441216782
7246.5 0.8892616762752755
7247.0 0.8909441179018104
7247.5 0.8923109457682633
7248.0 0.8937828851689831
7248.5 0.8956770697789909
7249.0 0.8975715194787973
7249.5 0.8993600983983479
7250.0 0.9005167293777391
7250.5 0.9017795647493135
7251.0 0.902725306821025
7251.5 0.9043047660433011
7252.0 0.9057783728877877
7252.5 0.905986113978332
7253.0 0.9075663337042463
7253.5 0.9076690500500535
7254.0 0.9084043906477896
7254.5 0.9101963818268219
7255.0 0.9116711256395467
7255.5 0.9120905027467943
7256.0 0.9127213486734652
7256.5 0.913775172476359
7257.0 0.9146166848313336
7257.5 0.9156710687617059
7258.0 0.9164079837427006
7258.5 0.9160899657594762
7259.0 0.9169337069240595
7259.5 0.9188332747199514
7260.0 0.9202062642088833
7260.5 0.9205229211154856
7261.0 0.9215799214254317
7261.5 0.9218958876615689
7262.0 0.923270311266524
7262.5 0.9244332841745551
7263.0 0.9253846882091088
7263.5 0.925596889834214
7264.0 0.9272892020703172
7264.5 0.9268662204075495
7265.0 0.9266549292556915
7265.5 0.92707793090394
7266.0 0.9272891222581158
7266.5 0.9280306334875495
7267.0 0.9290884104980693
7267.5 0.9294063261328587
7268.0 0.9290883703256216
7268.5 0.9299356576780117
7269.0 0.930571072718728
7269.5 0.9320535726460306
7270.0 0.9329013261676383
7270.5 0.9332195738039258
7271.0 0.9337499454897701
7271.5 0.9353387460406363
7272.0 0.9350219227335036
7272.5 0.9360812954725888
7273.0 0.9360821831371684
7273.5 0.9372485847535581
7274.0 0.9376729135249903
7274.5 0.9389452718791045
7275.0 0.9392642698293975
7275.5 0.9392654051569017
7276.0 0.9395844645769476
7276.5 0.9401147885190827
7277.0 0.9406463705577592
7277.5 0.9411768897815903
7278.0 0.9407532313641759
7278.5 0.9396931984903042
7279.0 0.9396942240911972
7279.5 0.9404373083511756
7280.0 0.939057415604376
7280.5 0.9395891492154054
7281.0 0.9382088102968679
7281.5 0.9390588727331506
7282.0 0.9389527974993738
7282.5 0.9392719988938198
7283.0 0.9391658597857344
7283.5 0.9393792894284244
7284.0 0.9390602476381815
7284.5 0.9391665786007856
7285.0 0.9384228915488649
7285.5 0.9370405621712624
7286.0 0.9366150645947511
7286.5 0.9348076280035823
7287.0 0.9340630372833548
7287.5 0.9326795835045738
7288.0 0.93246639312947
7288.5 0.9308707539349979
7289.0 0.930657443800643
7289.5 0.9291673242935649
7290.0 0.92746394817616
7290.5 0.9260792943109915
7291.0 0.9257597903881767
7291.5 0.9248009683361056
7292.0 0.923202576339685
7292.5 0.9229886904692387
7293.0 0.9221351926841722
7293.5 0.9209607730395136
7294.0 0.920399129562151
7294.5 0.9204540136608237
7295.0 0.9188958257028074
7295.5 0.9174367023382367
7296.0 0.9179999351717738
7296.5 0.9180376279897174
7297.0 0.9191549988885863
7297.5 0.9178434563222813
7298.0 0.9176276920961928
7298.5 0.917768256325609
7299.0 0.9176338131900993
7299.5 0.9173377800917394
7300.0 0.918273512092683
7300.5 0.9189545184480632
7301.0 0.9197933885139652
7301.5 0.9206715392727679
7302.0 0.9210376562551756
7302.5 0.9223753495778757
7303.0 0.9231711380426808
7303.5 0.9231968761534847
7304.0 0.9233204515013664
7304.5 0.9244069950313424
7305.0 0.9246383737506572
7305.5 0.9254044499443923
7306.0 0.92606408763027
7306.5 0.9270456621110494
7307.0 0.9281346767225604
7307.5 0.9290104548446984
7308.0 0.9305309857771142
7308.5 0.9308691940311579
7309.0 0.9313155908430676
7309.5 0.9323000963540208
7310.0 0.9330695532610287
7310.5 0.9331935255519849
7311.0 0.93450231373681
7311.5 0.9358131490158933
7312.0 0.9368002313348253
7312.5 0.9372481356416759
7313.0 0.9371560403267862
7313.5 0.9380348520068169
7314.0 0.9388062450467725
7314.5 0.9393623611283896
7315.0 0.9392685398497078
7315.5 0.9404731196485531
7316.0 0.9405942315313363
7316.5 0.9401744511723675
7317.0 0.9396459128541604
7317.5 0.9403076915364365
7318.0 0.9408629238480083
7318.5 0.941742603107985
7319.0 0.9424066307190231
7319.5 0.9433968044434577
7320.0 0.9447136381591498
7320.5 0.9452712391887046
7321.0 0.9470254751970817
7321.5 0.9484535682163349
7322.0 0.9501019356097876
7322.5 0.951532161722017
7323.0 0.9514379295920219
7323.5 0.9524337982732459
7324.0 0.9527759654314895
7324.5 0.953445378297591
7325.0 0.9542238380740549
7325.5 0.9553302490743443
7326.0 0.9565473681268448
7326.5 0.9582020041079004
7327.0 0.959201717541216
7327.5 0.9596545493077848
7328.0 0.9591223126915537
7328.5 0.9595745536189482
7329.0 0.9609034899873425
7329.5 0.9612467138484692
7330.0 0.9619174397333238
7330.5 0.9616020414780131
7331.0 0.9628215302159601
7331.5 0.9632733773649343
7332.0 0.963395597443665
7332.5 0.9638472503794943
7333.0 0.9646288611275277
7333.5 0.9654121192858288
7334.0 0.9661953876728553
7334.5 0.9668914936872064
7335.0 0.9673927463454828
7335.5 0.9681304576063058
7336.0 0.9683256259183187
7336.5 0.9688504667858492
7337.0 0.9691441034072469
7337.5 0.9688670359093323
7338.0 0.9688916782412899
7338.5 0.9686587239238028
7339.0 0.9687100415051596
7339.5 0.9694829280149402
7340.0 0.9694166821889204
7340.5 0.970055698000727
7341.0 0.9704146097988601
7341.5 0.9701732057337067
7342.0 0.9692331597787006
7342.5 0.9691610091512786
7343.0 0.9691929616056946
7343.5 0.96934237002932
7344.0 0.9699560861861201
7344.5 0.9694823993666462
7345.0 0.9698971680227538
7345.5 0.9713078583987662
7346.0 0.9719436058891764
7346.5 0.9728014595556794
7347.0 0.9732153752526499
7347.5 0.974405917250996
7348.0 0.976373279579432
7348.5 0.9771212847710296
7349.0 0.977757734732503
7349.5 0.97817214431855
7350.0 0.9782539914171368
7350.5 0.9791127922327194
7351.0 0.9798600155212274
7351.5 0.9811622362936394
7352.0 0.9826880892554117
7352.5 0.9829912679802553
7353.0 0.9834074330224107
7353.5 0.9845997948675117
7354.0 0.9865685504639692
7354.5 0.9879837900785927
7355.0 0.9885122431962832
7355.5 0.9885970545415682
7356.0 0.9906813291095498
7356.5 0.9919883639548436
7357.0 0.9922963558388055
7357.5 0.9931591898993432
7358.0 0.9941317058705841
7358.5 0.9945473422853232
7359.0 0.9956285894182236
7359.5 0.9968183355519413
7360.0 0.9974498537611759
7360.5 0.9980784801837767
7361.0 0.9985939196586212
7361.5 0.9984396633812577
7362.0 0.998394525062313
7362.5 0.9981269970668498
7363.0 0.9989707822523473
7363.5 0.9983695221554449
7364.0 0.9978794899775596
7364.5 0.997834577745146
7365.0 0.9982354316626469
7365.5 0.9986375384097114
7366.0 0.9994826445586675
7366.5 0.999439440448364
7367.0 0.9997297046604618
7367.5 0.9997972620809557
7368.0 0.9990857872492697
7368.5 0.9994868621211289
7369.0 1.0
7369.5 0.9989548196648808
7370.0 0.9981323287994659
7370.5 0.997643382089645
7371.0 0.9981553686281317
7371.5 0.9973326938053482
7372.0 0.9968436192020579
7372.5 0.9964653156334716
7373.0 0.9978690002735288
7373.5 0.997825695201661
7374.0 0.9974473553390009
7374.5 0.9975148530303073
7375.0 0.9969146469065444
7375.5 0.9969820551014114
7376.0 0.9961586716956901
7376.5 0.9967829186200069
7377.0 0.9971842142533476
7377.5 0.9975855663661565
7378.0 0.9973190278516837
7378.5 0.9986115518883338
7379.0 0.9986791224308814
7379.5 0.9989698463675188
7380.0 0.9993716095417537
7380.5 0.9993284345429015
7381.0 0.9993962673456876
7381.5 0.9985727094222516
7382.0 0.9977478473041175
7382.5 0.9979278755441757
7383.0 0.9969918847367913
7383.5 0.9969486619467229
7384.0 0.9970164278528416
7384.5 0.9980869959563645
7385.0 0.9980437660213596
7385.5 0.9980005451071048
7386.0 0.9981794154527612
7386.5 0.9976895862496011
7387.0 0.9971996821095839
7387.5 0.9977141393506495
7388.0 0.9971118253479434
7388.5 0.9972918130345687
7389.0 0.9961314157442301
7389.5 0.9958644191206703
7390.0 0.9954849822470414
7390.5 0.9944363125346964
7391.0 0.9941688922289771
7391.5 0.992561783796753
7392.0 0.9930756552933683
7392.5 0.9914681589375428
7393.0 0.989971562561951
7393.5 0.988810650874036
7394.0 0.9887648504133342
7394.5 0.9872689824758105
7395.0 0.9859952853308068
7395.5 0.9853921517189476
7396.0 0.9834472755200885
7396.5 0.9827326195726916
7397.0 0.9823514718594415
7397.5 0.9820827116283517
7398.0 0.9817014919712584
7398.5 0.980091859463399
7399.0 0.9804928555774655
7399.5 0.9795541669922384
7400.0 0.9785029607878118
7400.5 0.9770042276879926
7401.0 0.9759528811147602
7401.5 0.9762428491704118
7402.0 0.9746325761056753
7402.5 0.973581006076977
7403.0 0.9735358663494206
7403.5 0.9737133307074504
7404.0 0.9724376495412287
7404.5 0.9700436897439232
7405.0 0.9694391414141253
7405.5 0.969057142553971
7406.0 0.9686763174270298
7406.5 0.9684067877243495
7407.0 0.9671301140139074
7407.5 0.9669717885367535
7408.0 0.9660301541034485
7408.5 0.9664322609498412
7409.0 0.9660497946757759
7409.5 0.9652204450859461
7410.0 0.9642783210804184
7410.5 0.9635600723164083
7411.0 0.9635138625922176
7411.5 0.9623484752079772
7412.0 0.9625249812978562
7412.5 0.9623659461389322
7413.0 0.9620954244778558
7413.5 0.9617121735197677
7414.0 0.9611059380198096
7414.5 0.9612823514551514
7415.0 0.9603403448001616
7415.5 0.9598453796898643
7416.0 0.9592376493576735
7416.5 0.9588552978193587
7417.0 0.9586959084349608
7417.5 0.9582007164351024
7418.0 0.9581539735014647
7418.5 0.958218718772178
7419.0 0.957834825880003
7419.5 0.956107383098564
7420.0 0.9568435934047418
7420.5 0.9565721094791414
7421.0 0.955740229366371
7421.5 0.954346624171658
7422.0 0.9545235153029334
7422.5 0.9539143561004211
7423.0 0.9535307314138908
7423.5 0.9531458080763174
7424.0 0.9527620489314128
7424.5 0.9514803740113638
7425.0 0.9508707528510448
7425.5 0.950037799444977
7426.0 0.9489802286827946
7426.5 0.9484832129194847
7427.0 0.9475382680082092
7427.5 0.9468165166087357
7428.0 0.945422170576052
7428.5 0.9449247432236911
7429.0 0.9438663443848515
7429.5 0.9433687147177653
7430.0 0.9429827018983633
7430.5 0.9420356145723724
7431.0 0.9408649473913325
7431.5 0.9403669087460474
7432.0 0.9402052116155745
7432.5 0.939034139658489
7433.0 0.9365157947724246
7433.5 0.9353430675903
7434.0 0.9340584122170974
7434.5 0.9333361090381104
7435.0 0.9323876926671567
7435.5 0.9316639420435889
7436.0 0.930378673271832
7436.5 0.9292062519918645
7437.0 0.9285951568293237
7437.5 0.9266348271490604
7438.0 0.925350072795487
7438.5 0.925523834563615
7439.0 0.9255857745108083
7439.5 0.9257595587336264
7440.0 0.9253728700722078
7440.5 0.9249848921810073
7441.0 0.9251598755969181
7441.5 0.9249967927732343
7442.0 0.9252836655241988
7442.5 0.9245586476393669
7443.0 0.923721627814469
7443.5 0.9244572942290866
7444.0 0.9253061921719513
7444.5 0.9248060166827269
7445.0 0.9235185899672054
7445.5 0.9235803418703057
7446.0 0.9230799189715336
7446.5 0.9233666962880585
7447.0 0.9225289733870591
7447.5 0.9220282401487744
7448.0 0.9226520869394789
7448.5 0.9220381382050964
7449.0 0.9229993742565172
7449.5 0.92328641898733
7450.0 0.9239108736428782
7450.5 0.9232985490885738
7451.0 0.9223477762402045
7451.5 0.9219608121289243
7452.0 0.9210100453829182
7452.5 0.9224231350358367
7453.0 0.9214724077591402
7453.5 0.922660473422204
7454.0 0.9226111050398809
7454.5 0.9218856085765058
7455.0 0.9209345968969246
7455.5 0.9199846355312362
7456.0 0.9185836374169231
7456.5 0.9185325708468516
7457.0 0.9176943290582243
7457.5 0.9175311446653668
7458.0 0.9159041590412342
7458.5 0.9148400152500454
7459.0 0.914676439976887
7459.5 0.9131620401449141
7460.0 0.912097122906575
7460.5 0.9114817546617554
7461.0 0.9108673662301057
7461.5 0.9090126503576316
7462.0 0.9070453789686871
7462.5 0.9049643200461152
7463.0 0.9045745099658705
7463.5 0.9035076584320235
7464.0 0.9013135672300325
7464.5 0.901373451810976
7465.0 0.9004183698192417
7465.5 0.8986750790708947
7466.0 0.8965924165669075
7466.5 0.8950744798894292
7467.0 0.8941188645588104
7467.5 0.8930508513075975
7468.0 0.8919826870678581
7468.5 0.8891104782861878
7469.0 0.888379978910533
7469.5 0.8870854179984321
7470.0 0.8844368570961675
7470.5 0.8814509872938754
7471.0 0.8790275194089815
7471.5 0.8767160326379058
7472.0 0.8755337184686733
7472.5 0.8729969747784583
7473.0 0.8705722264843215
7473.5 0.8682607328842493
7474.0 0.8670762517277355
7474.5 0.8664571595366163
7475.0 0.8645956513882191
7475.5 0.8619434918493414
7476.0 0.8603074504369917
7476.5 0.8583327520349885
7477.0 0.8559056502497878
7477.5 0.8547209351771236
7478.0 0.8530838939097618
7478.5 0.8512205534154992
7479.0 0.8498092205248629
7479.5 0.8465899920238297
7480.0 0.8434841014789426
7480.5 0.8394745062230207
7481.0 0.836706545650098
7481.5 0.8339382895210524
7482.0 0.8322994916553805
7482.5 0.8302080922954741
7483.0 0.8274389931617389
7483.5 0.823878304134971
7484.0 0.8207696723825796
7484.5 0.8184519732884031
7485.0 0.8152287848050875
7485.5 0.8120063768944442
7486.0 0.8094599940634444
7486.5 0.8071407968181253
7487.0 0.8048212930274011
7487.5 0.8026140832187286
7488.0 0.7992759049560856
7488.5 0.7969541833354941
7489.0 0.7946333223355017
7489.5 0.7914063376684268
7490.0 0.7881800251170556
7490.5 0.7838208312794164
7491.0 0.7794609093280687
7491.5 0.7763453471129647
7492.0 0.7723244858295458
7492.5 0.768754799914478
7493.0 0.7666551781169507
7493.5 0.7631984109176662
7494.0 0.7604196016445967
7494.5 0.7569619111679007
7495.0 0.7533898480316052
7495.5 0.7507225222726452
7496.0 0.7479421857561906
7496.5 0.7444828588518944
7497.0 0.7406825120911725
7497.5 0.7380149807960815
7498.0 0.7343263976489897
7498.5 0.7310919612131828
7499.0 0.7288754547574446
7499.5 0.7269981479759605
7500.0 0.7239881544937387
7500.5 0.7209778030059792
7501.0 0.7186474058270264
7501.5 0.7146176892846502
7502.0 0.7120585788961176
7502.5 0.7084815730043631
7503.0 0.7043364092597452
7503.5 0.7007572037548141
7504.0 0.697064717713822
7504.5 0.6928051697157376
7505.0 0.6888847699207038
7505.5 0.6858702281660509
7506.0 0.6831950346389725
7506.5 0.6792731733806636
7507.0 0.6758046729263999
7507.5 0.6714278295801286
7508.0 0.6671645092604899
7508.5 0.6635803714494133
7509.0 0.6590889530404969
7509.5 0.6545969463734632
7510.0 0.6499914554441459
7510.5 0.6457253344815135
7511.0 0.6414574210564351
7511.5 0.6373043581749571
7512.0 0.6328094800453524
7512.5 0.6295612953954632
7513.0 0.6264268710329804
7513.5 0.6219303909031745
7514.0 0.6175462750328171
7514.5 0.6120281717896907
7515.0 0.6057135386199043
7515.5 0.6013287045845218
7516.0 0.5962616134876562
7516.5 0.5914198363556943
7517.0 0.5848761156233431
7517.5 0.5801471554536242
7518.0 0.5741693482751479
7518.5 0.5687583688829314
7519.0 0.5644820147525815
7519.5 0.5587281289637055
7520.0 0.5538829189090309
7520.5 0.5485824340690479
7521.0 0.5426004462099648
7521.5 0.5366177289867834
7522.0 0.5299520597943729
7522.5 0.5255584907326574
7523.0 0.5209356938525582
7523.5 0.5158586491499313
7524.0 0.5107809411200795
7524.5 0.5041126872442109
7525.0 0.4976697889321523
7525.5 0.4919085466920103
7526.0 0.48591774340133814
7526.5 0.4790184321204859
7527.0 0.4726864290569307
7527.5 0.4658984174204425
7528.0 0.45979103248996345
7528.5 0.4530012653444599
7529.0 0.4466657989575302
7529.5 0.4408966542460105
7530.0 0.43433177128595607
7530.5 0.42947153593755083
7531.0 0.4240420041807046
7531.5 0.4173599948090066
7532.0 0.4115878743545144
7532.5 0.405928180803989
7533.0 0.4018593770819592
7533.5 0.3965392295072695
7534.0 0.3915606315587892
7534.5 0.386125796284932
7535.0 0.3804624398599943
7535.5 0.3754805318443569
7536.0 0.36981573638250526
7536.5 0.36460589508562835
7537.0 0.35950869482530445
7537.5 0.35406841540221856
7538.0 0.34885655515797676
7538.5 0.34341610204785405
7539.0 0.3374057565592495
7539.5 0.3328743116406264
7540.0 0.3279997212348234
7540.5 0.32415094123454863
7541.0 0.3195031045685027
7541.5 0.31462790495490606
7542.0 0.3103214569845833
7542.5 0.30681189632820194
7543.0 0.30125077369984526
7543.5 0.29705598818083795
7544.0 0.2933167836906099
7544.5 0.2896905025286055
7545.0 0.28469764533043984
7545.5 0.279930994960928
7546.0 0.27539184289208335
7546.5 0.27039580467256896
7547.0 0.266539897694249
7547.5 0.2625687711193402
7548.0 0.25814073760661005
7548.5 0.2534851574680273
7549.0 0.24825779645518775
7549.5 0.243714456229709
7550.0 0.2391705343966152
7550.5 0.235880860707244
7551.0 0.2316776602705781
7551.5 0.22724562899418846
7552.0 0.22304133528097073
7552.5 0.21895128306770256
7553.0 0.21497424426819903
7553.5 0.2113385926074436
7554.0 0.20758890282008002
7554.5 0.2030399963983277
7555.0 0.19917443698770737
7555.5 0.19519477916379316
7556.0 0.19064413830019072
7556.5 0.18609288746093414
7557.0 0.1822264057676419
7557.5 0.17870024218739083
7558.0 0.17426215784442364
7558.5 0.1703929083500412
7559.0 0.16766573834477044
7559.5 0.16459472319969654
7560.0 0.16038169953170373
7560.5 0.15639656463864654
7561.0 0.15343878347790454
7561.5 0.14945246612504579
7562.0 0.14615013391426737
7562.5 0.14353318269140472
7563.0 0.1400012915872505
7563.5 0.13658386472081938
7564.0 0.13350960360733974
7564.5 0.13054740547789367
7565.0 0.12781477408738212
7565.5 0.12485209776822088
7566.0 0.1218895661152546
7566.5 0.11892668848561107
7567.0 0.11573497369491256
7567.5 0.11290854701264967
7568.0 0.11029972808078145
7568.5 0.10819969402470064
7569.0 0.10572250897654896
7569.5 0.10297448303430742
7570.0 0.10071422535519732
7570.5 0.09908537803760423
7571.0 0.09728946038169096
7571.5 0.09536382948705956
7572.0 0.09344879389204368
7572.5 0.09163808761979292
7573.0 0.09033215221957605
7573.5 0.08805426300065361
7574.0 0.08645604296017302
7574.5 0.084845784930284
7575.0 0.08228547522874656
7575.5 0.08051092679617217
7576.0 0.0788319617019942
7576.5 0.07697897938290058
7577.0 0.07481906064955073
7577.5 0.07378292556407119
7578.0 0.07268828684945193
7578.5 0.0702155165087928
7579.0 0.06878404728855471
7579.5 0.06721087435720058
7580.0 0.06524836082703228
7580.5 0.06364913160711022
7581.0 0.061701535118541956
7581.5 0.05993566700382759
7582.0 0.05829973414048764
7582.5 0.05680806990920288
7583.0 0.056122631285424246
7583.5 0.05503353032419886
7584.0 0.05340801309550294
7584.5 0.051614011802604075
7585.0 0.050024286769476185
7585.5 0.049057711867366
7586.0 0.04790646279786489
7586.5 0.04613931248137012
7587.0 0.04497424301498956
7587.5 0.04370913869107193
7588.0 0.04243124602174274
7588.5 0.041212185584173326
7589.0 0.039849832024818295
7589.5 0.038789597445420605
7590.0 0.037780169379445616
7590.5 0.036106205960553195
7591.0 0.03528720631425843
7591.5 0.03387108815499951
7592.0 0.03285994794071493
7592.5 0.03199268958035292
7593.0 0.031048035571329024
7593.5 0.029465288513969283
7594.0 0.027806090399712696
7594.5 0.02708454897878457
7595.0 0.026219767683335518
7595.5 0.02484266735935202
7596.0 0.02415339065114699
7596.5 0.023520749860473852
7597.0 0.0220392721923447
7597.5 0.021547219461652948
7598.0 0.02082162194414544
7598.5 0.02011353416018745
7599.0 0.01931742625198083
7599.5 0.01836783734567718
7600.0 0.017917653270608538
7600.5 0.017087684100105926
7601.0 0.016403539253223937
7601.5 0.01579657654710759
7602.0 0.014815962881904092
7602.5 0.014197774650142036
7603.0 0.013428669697948618
7603.5 0.012877967089917286
7604.0 0.012780250008888857
7604.5 0.012242019389701602
7605.0 0.01178935623535317
7605.5 0.011213795380786084
7606.0 0.011010179221713623
7606.5 0.010725383057715651
7607.0 0.010593709815343116
7607.5 0.010004768712099939
7608.0 0.009819198421275575
7608.5 0.009397623947034344
7609.0 0.008762764905362257
7609.5 0.008723619724744707
7610.0 0.008658755581899814
7610.5 0.008419382961133213
7611.0 0.00799260060788986
7611.5 0.00793225978391104
7612.0 0.008013406105391134
7612.5 0.007741292101962421
7613.0 0.008074920260814555
7613.5 0.007931378618110333
7614.0 0.007985517263656894
7614.5 0.007931635696728195
7615.0 0.008042835446826045
7615.5 0.00820260541753203
7616.0 0.0081380995892226
7616.5 0.008312818930987557
7617.0 0.008538632923004299
7617.5 0.008472205793398373
7618.0 0.008806909354630778
7618.5 0.00921264552415615
7619.0 0.009441071680965722
7619.5 0.009615818680501357
7620.0 0.00926543386596425
7620.5 0.00950274124959947
7621.0 0.009708032838925051
7621.5 0.009780647110776707
7622.0 0.009306888840090446
7622.5 0.009583832138780122
7623.0 0.009387920932400469
7623.5 0.00966608387163126
7624.0 0.009245252898721938
7624.5 0.009044122335265286
7625.0 0.009200995139657943
7625.5 0.008893557582936123
7626.0 0.00860476103819717
7626.5 0.008449047844194401
7627.0 0.008640912443313822
7627.5 0.008668044680760514
7628.0 0.008528305759426452
7628.5 0.008485204279561197
7629.0 0.00795278570428887
7629.5 0.008078247374873958
7630.0 0.007720711122632979
7630.5 0.007618755083995754
7631.0 0.006994925291557697
7631.5 0.006683848237467106
7632.0 0.0063665356648333485
7632.5 0.00620613061721971
7633.0 0.0060730572848054784
7633.5 0.006191197370562969
7634.0 0.005908903919623505
7634.5 0.005556383250722876
7635.0 0.005501396133494656
7635.5 0.00535068695881025
7636.0 0.005212010346437744
7636.5 0.005011752361768713
7637.0 0.004749727917481951
7637.5 0.004690487972799638
7638.0 0.004860842897214501
7638.5 0.004422034855437769
7639.0 0.004174924326326686
7639.5 0.0038400650695699836
7640.0 0.0037609431839756282
7640.5 0.0038428979743752073
7641.0 0.0036586042401155843
7641.5 0.0035368460985863662
7642.0 0.003639265698472778
7642.5 0.0034208812728753137
7643.0 0.002977154364321727
7643.5 0.002856014971419354
7644.0 0.0023418776580408514
7644.5 0.0020639028183074234
7645.0 0.002770123727320246
7645.5 0.0027372514132676428
7646.0 0.00305494950284232
7646.5 0.002787583157958415
7647.0 0.0029514338491461066
7647.5 0.003050858768307171
7648.0 0.0030160802480614594
7648.5 0.0032095959841325393
7649.0 0.003160748229238477
7649.5 0.0029597772511227517
7650.0 0.003057897454660343
7650.5 0.0028818260935971024
7651.0 0.002787040395012605
7651.5 0.00256664929100369
7652.0 0.00273416895080504
7652.5 0.0025100938698251075
7653.0 0.002255792008210677
7653.5 0.002027458295549333
7654.0 0.002024511693666304
7654.5 0.0019059236915416682
7655.0 0.0019162950726109406
7655.5 0.0017681114878072008
7656.0 0.0017337457028659322
7656.5 0.0018601758481508004
7657.0 0.0017523970333143174
7657.5 0.0021613954569510456
7658.0 0.0016364219383722374
7658.5 0.001151878734167599
7659.0 0.0
7659.5 0.0011330897336041387
7660.0 0.0012602948179015164
7660.5 0.0014504390692242815
7661.0 0.0
7661.5 0.0
7662.0 0.0
7662.5 0.0
7663.0 0.0
7663.5 0.0
7664.0 0.0
7664.5 0.0
7665.0 0.0
7665.5 0.0
7666.0 0.0
7666.5 0.0
7667.0 0.0
7667.5 0.0
7668.0 0.0
7668.5 0.0
7669.0 0.0
7669.5 0.0
7670.0 0.0
7670.5 0.0
7671.0 0.0
7671.5 0.0
7672.0 0.0
7672.5 0.0
7673.0 0.0
7673.5 0.0
7674.0 0.0
7674.5 0.0
7675.0 0.0
7675.5 0.0
7676.0 0.0
7676.5 0.0
7677.0 0.0
7677.5 0.0
7678.0 0.0
7678.5 0.0
7679.0 0.0
7679.5 0.0
7680.0 0.0
7680.5 0.0
7681.0 0.0
7681.5 0.0
7682.0 0.0
7682.5 0.0
7683.0 0.0
7683.5 0.0
7684.0 0.0
7684.5 0.0
7685.0 0.0
7685.5 0.0
7686.0 0.0
7686.5 0.0
7687.0 0.0
7687.5 0.0
7688.0 0.0
7688.5 0.0
7689.0 0.0
7689.5 0.0
7690.0 0.0
7690.5 0.0
7691.0 0.0
7691.5 0.0
7692.0 0.0
7692.5 0.0
7693.0 0.0
7693.5 0.0014728907481965823
7694.0 0.0017045979039326947
7694.5 0.0023610933984089116
7695.0 0.0028943560215891726
7695.5 0.0030191988009374776
7696.0 0.003641096353496145
7696.5 0.0034633534007419958
7697.0 0.003375219963423645
7697.5 0.003517594878507788
7698.0 0.004104841408694798
7698.5 0.003944511070105726
7699.0 0.003998438796425701
7699.5 0.004639432726526975
7700.0 0.004887944566170142
