7350.0 0.004997213546466706
7351.0 0.004550343337732526
7352.0 0.003965091312354534
7353.0 0.003719322192398848
7354.0 0.002897658691793195
7355.0 0.0026517253966593557
7356.0 0.002030096405440578
7357.0 0.0014388706513985595
7358.0 0.0011906808746473673
7359.0 0.0014417873587878628
7360.0 0.00178672079253495
7361.0 0.0018332576715924262
7362.0 0.001506160590543804
7363.0 0.0013964338838941377
7364.0 0.0
7365.0 0.0
7366.0 0.0
7367.0 0.0
7368.0 0.0013049114569723258
7369.0 0.0011507581245798263
7370.0 0.0013554205450777381
7371.0 0.0010889367971214415
7372.0 0.0015632360535632432
7373.0 0.002006355331523468
7374.0 0.0012161252717412126
7375.0 0.0013904906912129472
7376.0 0.001342559487990605
7377.0 0.0018774746919871389
7378.0 0.0020014985935203912
7379.0 0.0022062031600091985
7380.0 0.0024094667728039253
7381.0 0.0025497167285994933
7382.0 0.002407865073527427
7383.0 0.0020748232108489064
7384.0 0.0019645044367094192
7385.0 0.0018043445171509304
7386.0 0.00240020756754385
7387.0 0.0028506502337862414
7388.0 0.002709701582045593
7389.0 0.002518709606881106
7390.0 0.003376945230721025
7391.0 0.004096600056167573
7392.0 0.004298521996003205
7393.0 0.004192613522198402
7394.0 0.00469664362164367
7395.0 0.004692589561595064
7396.0 0.00478941883441984
7397.0 0.00516776813710732
7398.0 0.005606995771385658
7399.0 0.005902702063800002
7400.0 0.006716046731416618
7401.0 0.007019293703358387
7402.0 0.006879549960073308
7403.0 0.00707374967047358
7404.0 0.007525049489320763
7405.0 0.007791851709759604
7406.0 0.007642237628026301
7407.0 0.007430866408327804
7408.0 0.00774691562358162
7409.0 0.008400819053184256
7410.0 0.008210752792729042
7411.0 0.008872304777040589
7412.0 0.00974229661625452
7413.0 0.010147560819716553
7414.0 0.010654305135436101
7415.0 0.011378743774210685
7416.0 0.011109343022908728
7417.0 0.012015282494516671
7418.0 0.012656827022290715
7419.0 0.012822065127694881
7420.0 0.013474023976152247
7421.0 0.014556458856147102
7422.0 0.015461579578768547
7423.0 0.016228729568725033
7424.0 0.017652204553893356
7425.0 0.018374676399737843
7426.0 0.019711490386106683
7427.0 0.02113621584150832
7428.0 0.02237238433036586
7429.0 0.02423070671413696
7430.0 0.02620160104644603
7431.0 0.027632142650678846
7432.0 0.029634267920975916
7433.0 0.031175361519913458
7434.0 0.03314048817540861
7435.0 0.03555495017380025
7436.0 0.03760685658719826
7437.0 0.039776833434895534
7438.0 0.04255424973984091
7439.0 0.04557348728646515
7440.0 0.04801825922776843
7441.0 0.050864017957357684
7442.0 0.05407581163992646
7443.0 0.05715103397345306
7444.0 0.06059402258388645
7445.0 0.06457552474820374
7446.0 0.0674951307569358
7447.0 0.07120768833390426
7448.0 0.07529655436470233
7449.0 0.0796565688762273
7450.0 0.08429888314277037
7451.0 0.08890220375616263
7452.0 0.09314766288274078
7453.0 0.09756466853535387
7454.0 0.10241153273469622
7455.0 0.10768578752143665
7456.0 0.11185043299643731
7457.0 0.11784469411128533
7458.0 0.1236777782187431
7459.0 0.12917834381568277
7460.0 0.13479905389450347
7461.0 0.1398159015648595
7462.0 0.1456117136780912
7463.0 0.15236550877933014
7464.0 0.15901909301581701
7465.0 0.1661727927571946
7466.0 0.17373220420218907
7467.0 0.18174797679824997
7468.0 0.1894482383202405
7469.0 0.19748716267154073
7470.0 0.20631516793846472
7471.0 0.21458361482071356
7472.0 0.2234646096155682
7473.0 0.23353622163058052
7474.0 0.24224522223464046
7475.0 0.25085756644164264
7476.0 0.26105368064799617
7477.0 0.2714346672651171
7478.0 0.2817667680089495
7479.0 0.2923976175475777
7480.0 0.3019073085451274
7481.0 0.3110498405830039
7482.0 0.32078608831584865
7483.0 0.3305703399332792
7484.0 0.3413417352237902
7485.0 0.3529361812064683
7486.0 0.3636269783440961
7487.0 0.37279055335326095
7488.0 0.3844571084397358
7489.0 0.3931460063075923
7490.0 0.4046219478847164
7491.0 0.4158368791509993
7492.0 0.4248924571504224
7493.0 0.43541815776790105
7494.0 0.4473006415000949
7495.0 0.4578255454134438
7496.0 0.4699220606005783
7497.0 0.4816924310635191
7498.0 0.49225676289352543
7499.0 0.5016927445780809
7500.0 0.512959695810504
7501.0 0.5233940923746622
7502.0 0.5328793732408809
7503.0 0.5437271996804554
7504.0 0.5515120289147498
7505.0 0.5619921084341198
7506.0 0.5720161375082659
7507.0 0.5817403748414501
7508.0 0.5935237730570693
7509.0 0.6020276624765499
7510.0 0.6114423691457744
7511.0 0.6209537614047826
7512.0 0.6318070922215653
7513.0 0.6413110689978188
7514.0 0.6502831593849997
7515.0 0.6622718885574823
7516.0 0.6698349090966448
7517.0 0.6788184927613607
7518.0 0.6870822310924715
7519.0 0.6951998796451954
7520.0 0.706903829083571
7521.0 0.7156698288614664
7522.0 0.722249882786516
7523.0 0.7279282005974326
7524.0 0.7354202011344806
7525.0 0.7424702142633588
7526.0 0.7492093860760721
7527.0 0.7546812906643817
7528.0 0.7580468712177899
7529.0 0.7662390467740593
7530.0 0.7708125499048112
7531.0 0.7749454995518336
7532.0 0.781013918190426
7533.0 0.7842020921336179
7534.0 0.7888742157254965
7535.0 0.7944664351726797
7536.0 0.7977156081910355
7537.0 0.8006611047557671
7538.0 0.8070312672612343
7539.0 0.8159226561809503
7540.0 0.8211124429567701
7541.0 0.825862814072788
7542.0 0.8271633729152943
7543.0 0.8299121847393754
7544.0 0.8342373186717471
7545.0 0.8344863595193491
7546.0 0.8410311162257006
7547.0 0.8453837820730482
7548.0 0.8482865251129033
7549.0 0.8536639316699319
7550.0 0.8563920655742328
7551.0 0.8575505138437148
7552.0 0.8614301848517021
7553.0 0.8654685148631296
7554.0 0.866264319688944
7555.0 0.8671529543886648
7556.0 0.8694166777637972
7557.0 0.8727579610415568
7558.0 0.8760457822593567
7559.0 0.880919967794919
7560.0 0.8838022236197988
7561.0 0.8871969445180209
7562.0 0.8880277311003218
7563.0 0.8893979295730062
7564.0 0.8902856764705369
7565.0 0.8911569395048622
7566.0 0.8930234556503899
7567.0 0.8961195444108556
7568.0 0.8989369031023933
7569.0 0.9000534800804207
7570.0 0.902728701153012
7571.0 0.9010182253532376
7572.0 0.8996969626621399
7573.0 0.8992025196088538
7574.0 0.8992548623943564
7575.0 0.8972515897366667
7576.0 0.8979870892689924
7577.0 0.8953640965893089
7578.0 0.8933419599468861
7579.0 0.8886893970887703
7580.0 0.8898184645846089
7581.0 0.8864041761550249
7582.0 0.8826957202394636
7583.0 0.8767940696661835
7584.0 0.8659722655739399
7585.0 0.8574807315081263
7586.0 0.8475682704243629
7587.0 0.8424007556578645
7588.0 0.8359946208600308
7589.0 0.8294366522787876
7590.0 0.8216367961637833
7591.0 0.8075872688136428
7592.0 0.7865374005446334
7593.0 0.7674692214483465
7594.0 0.7455016776105621
7595.0 0.7232126980547344
7596.0 0.6961252714533869
7597.0 0.6714253652948838
7598.0 0.6471818291879197
7599.0 0.6237442056340278
7600.0 0.6025787302698603
7601.0 0.5856839050364706
7602.0 0.5740051234630834
7603.0 0.5642121509669719
7604.0 0.5545165913546385
7605.0 0.54739270323699
7606.0 0.5420126584558972
7607.0 0.5350119157381392
7608.0 0.5291528661260171
7609.0 0.5190593652720721
7610.0 0.5099227120057023
7611.0 0.5080767167278951
7612.0 0.5156829950932628
7613.0 0.5273583457837868
7614.0 0.545501685988267
7615.0 0.5666728026709488
7616.0 0.5897945663643868
7617.0 0.6148602780760527
7618.0 0.6364788329050998
7619.0 0.653747389008576
7620.0 0.6687016503269309
7621.0 0.6788836846833162
7622.0 0.6821156382061117
7623.0 0.6817912953589746
7624.0 0.6737461692704241
7625.0 0.6625997171533312
7626.0 0.6504804471281288
7627.0 0.6404020237227405
7628.0 0.6316612722054832
7629.0 0.6278482560666282
7630.0 0.6214709255785438
7631.0 0.6191094811060758
7632.0 0.6198486008074947
7633.0 0.6200507264465702
7634.0 0.6213951935483275
7635.0 0.6244821753667754
7636.0 0.6307305298633153
7637.0 0.6356942962279265
7638.0 0.6392530757740346
7639.0 0.6433972515469564
7640.0 0.6458276319798966
7641.0 0.6522964486079534
7642.0 0.6590102678481514
7643.0 0.668101849444589
7644.0 0.675633157898457
7645.0 0.6844903776299023
7646.0 0.6952117943557239
7647.0 0.7057578284571134
7648.0 0.7138234639592764
7649.0 0.7216417951247269
7650.0 0.7309496091820634
7651.0 0.7396323284105134
7652.0 0.7482902556572768
7653.0 0.7557353931486023
7654.0 0.7642715958780015
7655.0 0.772075128863561
7656.0 0.7799535217643202
7657.0 0.787766285968975
7658.0 0.7962829773624477
7659.0 0.803766022571138
7660.0 0.8141146696105851
7661.0 0.8212766124907238
7662.0 0.8304872047088664
7663.0 0.8404344766874358
7664.0 0.84703347363738
7665.0 0.8550991754191941
7666.0 0.8611378873635932
7667.0 0.8646615687653536
7668.0 0.8682735175437393
7669.0 0.8766279014751671
7670.0 0.8844288264954006
7671.0 0.8921590939943354
7672.0 0.9019353643730795
7673.0 0.909505288893499
7674.0 0.9210773644137523
7675.0 0.9304007839396422
7676.0 0.9390454457941966
7677.0 0.9498800392838959
7678.0 0.9582576044304043
7679.0 0.9630750196257979
7680.0 0.9726412112397792
7681.0 0.9807060548414641
7682.0 0.9831363315498033
7683.0 0.9877160434454142
7684.0 0.9894312464751268
7685.0 0.9908417710023463
7686.0 0.9850407494857666
7687.0 0.9807170180884245
7688.0 0.9786991151570217
7689.0 0.9793314178331941
7690.0 0.9750970383127581
7691.0 0.9764408440451046
7692.0 0.9771742164445099
7693.0 0.9755715817904007
7694.0 0.9756165817927243
7695.0 0.9769412072487166
7696.0 0.9797634158971882
7697.0 0.9776260115818146
7698.0 0.9774122723913984
7699.0 0.9794231691523265
7700.0 0.9817453928046563
7701.0 0.9784551069134284
7702.0 0.9777027797445478
7703.0 0.9779698311154262
7704.0 0.9772257955682068
7705.0 0.9767619175653137
7706.0 0.9756778503418243
7707.0 0.97361441187782
7708.0 0.9723854031798009
7709.0 0.9737369391582621
7710.0 0.9746856775190187
7711.0 0.9778846432268623
7712.0 0.9759012514975548
7713.0 0.9753561319901114
7714.0 0.9769617094148297
7715.0 0.975929912552582
7716.0 0.9747214364691297
7717.0 0.973236029445782
7718.0 0.9760770039178814
7719.0 0.9764723380608169
7720.0 0.9731084423030332
7721.0 0.9747463934146917
7722.0 0.9784995085797341
7723.0 0.9780067040448382
7724.0 0.9780139715385553
7725.0 0.9795211230053736
7726.0 0.9778759629757511
7727.0 0.9753364619232507
7728.0 0.9732643074214736
7729.0 0.9774114987021157
7730.0 0.9779814044843438
7731.0 0.9760614661621017
7732.0 0.9771450531529409
7733.0 0.9779008291519432
7734.0 0.9773823863686969
7735.0 0.9790118464775044
7736.0 0.9790927416984724
7737.0 0.9760882844298184
7738.0 0.9771499468450153
7739.0 0.9782562370598852
7740.0 0.9772434998515976
7741.0 0.9782572533524144
7742.0 0.9801196888607413
7743.0 0.9794322153201519
7744.0 0.9815449031258475
7745.0 0.9773215971178779
7746.0 0.9770580477403128
7747.0 0.9786679621216111
7748.0 0.9791489218379157
7749.0 0.9781790972193378
7750.0 0.9801277908858445
7751.0 0.9799410639005874
7752.0 0.9835301064935292
7753.0 0.9857799127746208
7754.0 0.9845882085961942
7755.0 0.985474120171714
7756.0 0.9876340773580224
7757.0 0.9847860374887637
7758.0 0.9827691835435628
7759.0 0.9828921196076313
7760.0 0.9882893746084269
7761.0 0.9928775673800795
7762.0 0.9937803157473271
7763.0 0.9926140892506948
7764.0 0.9909764617121879
7765.0 0.9945919702664306
7766.0 0.9962656286301027
7767.0 0.9985008910829328
7768.0 0.9962528905307995
7769.0 0.9964993945322504
7770.0 0.9962714372409495
7771.0 0.9950655994320016
7772.0 0.9934692724151548
7773.0 0.9933577009442701
7774.0 0.9973189769308657
7775.0 1.0
7776.0 0.9975732810242004
7777.0 0.9941155227636355
7778.0 0.9960924944987756
7779.0 0.9966747924113523
7780.0 0.9952547798820367
7781.0 0.9964493801605013
7782.0 0.9929710021387858
7783.0 0.9934472132672629
7784.0 0.9964297932765048
7785.0 0.9945206245316248
7786.0 0.9954200029921885
7787.0 0.9977753993168117
7788.0 0.9975161070657759
7789.0 0.9989679150684034
7790.0 0.997730530286056
7791.0 0.9916692698955106
7792.0 0.9913763467821981
7793.0 0.9914627591938073
7794.0 0.9867269920950064
7795.0 0.9892412662684094
7796.0 0.9900401154132427
7797.0 0.9859170540834148
7798.0 0.9872555915148271
7799.0 0.9821942497233047
7800.0 0.9791937656174697
7801.0 0.979971978425316
7802.0 0.9781103245436479
7803.0 0.9753242574904837
7804.0 0.9738267009562838
7805.0 0.9728693416644856
7806.0 0.971044858397241
7807.0 0.9711453347151832
7808.0 0.9663522435092365
7809.0 0.9646386283770046
7810.0 0.9645478305633031
7811.0 0.9583923200109147
7812.0 0.9553082518283649
7813.0 0.9564608743985029
7814.0 0.9507308691607459
7815.0 0.9487527769292748
7816.0 0.94733877580748
7817.0 0.940718602695332
7818.0 0.9359090296565723
7819.0 0.9294180133416273
7820.0 0.9275990216692792
7821.0 0.9209031939248464
7822.0 0.9109752608558466
7823.0 0.9056948427119967
7824.0 0.9009351781978873
7825.0 0.8930487833716864
7826.0 0.8890747058206194
7827.0 0.8810380334004602
7828.0 0.8778236608688976
7829.0 0.8664169807831823
7830.0 0.860194281065534
7831.0 0.854213308159189
7832.0 0.8450419921824245
7833.0 0.8380080753293025
7834.0 0.8307005638316886
7835.0 0.825083638682514
7836.0 0.8157649045189939
7837.0 0.8068771450425916
7838.0 0.8013498724357196
7839.0 0.7918736942014284
7840.0 0.7810210276700367
7841.0 0.7724265769718265
7842.0 0.7558137996590125
7843.0 0.748090033435121
7844.0 0.7331861952306966
7845.0 0.7248353753796071
7846.0 0.7134670075511639
7847.0 0.699616934242519
7848.0 0.6867277887486088
7849.0 0.6754677143005823
7850.0 0.6628625384336608
7851.0 0.648816441513709
7852.0 0.6345230383897054
7853.0 0.61993904876556
7854.0 0.6112386122840953
7855.0 0.6001688307500384
7856.0 0.5884002356404163
7857.0 0.5739117873646638
7858.0 0.5640239193722514
7859.0 0.5486773355873382
7860.0 0.5363509828492937
7861.0 0.5210726328838408
7862.0 0.5068276070989005
7863.0 0.49192897022409643
7864.0 0.47914903607676745
7865.0 0.4667032130984767
7866.0 0.4536793879900105
7867.0 0.440890880671431
7868.0 0.42846320030518614
7869.0 0.41707368102072645
7870.0 0.40051157112339775
7871.0 0.3867413714500853
7872.0 0.37208029963841743
7873.0 0.35917380859668985
7874.0 0.34585190390499954
7875.0 0.33360764516486274
7876.0 0.3226036732098412
7877.0 0.3114479986776895
7878.0 0.30132981008356985
7879.0 0.2935934056585662
7880.0 0.2818483946449493
7881.0 0.27190166570098867
7882.0 0.25948379792203013
7883.0 0.24870428481907214
7884.0 0.23867164966913318
7885.0 0.2285640573035497
7886.0 0.21879202177722631
7887.0 0.21027926140225742
7888.0 0.20101873175985052
7889.0 0.19260175163145724
7890.0 0.18528913843270248
7891.0 0.17713090702612672
7892.0 0.1690441591119736
7893.0 0.16071042355576703
7894.0 0.15389586583334247
7895.0 0.14419035177322595
7896.0 0.13521757379125604
7897.0 0.1287770435479094
7898.0 0.1237727825675713
7899.0 0.11717201370784251
7900.0 0.10976109117536996
7901.0 0.1035539492250833
7902.0 0.09714982357113267
7903.0 0.09140174094669443
7904.0 0.08641035445148008
7905.0 0.08305146734889597
7906.0 0.077198686427968
7907.0 0.07478591636747527
7908.0 0.0707417338501056
7909.0 0.06633019443943197
7910.0 0.06142305493160995
7911.0 0.057376927002748476
7912.0 0.05792075159379046
7913.0 0.05243272117807778
7914.0 0.05037548384595191
7915.0 0.04776009204117468
7916.0 0.04764170978117438
7917.0 0.046249956615797366
7918.0 0.0440664011421207
7919.0 0.04284327097821238
7920.0 0.04060127700138502
7921.0 0.0381688784851002
7922.0 0.03840031123801496
7923.0 0.037272798660043766
7924.0 0.03441866757881774
7925.0 0.032758901934270744
7926.0 0.030983342059627893
7927.0 0.030066610120685903
7928.0 0.02723502572184875
7929.0 0.027883122702970598
7930.0 0.026245646330818065
7931.0 0.02535466882200192
7932.0 0.021971078655482746
7933.0 0.02101821304073913
7934.0 0.021575133404229986
7935.0 0.019491585832279588
7936.0 0.019663295713343576
7937.0 0.017421849166385693
7938.0 0.015988472247261954
7939.0 0.012508023368650157
7940.0 0.010911476517218528
7941.0 0.012273517084788473
7942.0 0.011091228614515699
7943.0 0.009839237655631739
7944.0 0.009181244987764216
7945.0 0.00759820445736128
7946.0 0.006469416475927548
7947.0 0.005666238172789585
7948.0 0.0051466163649615026
7949.0 0.0036662913661984296
7950.0 0.0026591327942144818
7951.0 0.003830095383246241
7952.0 0.0037017984927661426
7953.0 0.003295240264501307
7954.0 0.0020565471850389288
7955.0 0.004281135221090283
7956.0 0.004698192578618166
7957.0 0.004593918517295331
7958.0 0.0060936324132265735
7959.0 0.006687552174610283
7960.0 0.006875811566680215
7961.0 0.0073570116326216566
7962.0 0.008492453374393402
7963.0 0.008006473222706126
7964.0 0.008663906002349139
7965.0 0.00898516344113769
7966.0 0.009470789436214927
7967.0 0.008847120347585518
7968.0 0.007392003676972313
7969.0 0.009019227285317146
7970.0 0.008752073352844867
7971.0 0.007327569270864557
7972.0 0.007563741956789044
7973.0 0.006747235934184855
7974.0 0.0056258379043375014
7975.0 0.004544043994466098
7976.0 0.0053209207408196554
7977.0 0.0031975483081807393
7978.0 0.003081670915952284
7979.0 0.00478915725866147
7980.0 0.004481476783079341
7981.0 0.0033134044346194843
7982.0 0.002700731986182217
7983.0 0.0
