7952.0 0.0
7952.5 0.0012699628317808093
7953.0 0.0012699229330902892
7953.5 0.0012701179552399744
7954.0 0.0012701954477598728
7954.5 0.0012699203614714677
7955.0 0.0012697625567893195
7955.5 0.001269604500530162
7956.0 0.0
7956.5 0.0012699925153693927
7957.0 0.0012701859958392369
7957.5 0.0012700265185749803
7958.0 0.0012701018191009182
7958.5 0.0012701769786040956
7959.0 0.0012697819214390574
7959.5 0.0
7960.0 0.0012688745410897844
7960.5 0.0012698907405430126
7961.0 0.0012698489451604144
7961.5 0.0012699248017697977
7962.0 0.0
7962.5 0.0
7963.0 0.0
7963.5 0.0
7964.0 0.0
7964.5 0.0
7965.0 0.0
7965.5 0.0
7966.0 0.0
7966.5 0.0
7967.0 0.001270528845583134
7967.5 0.0012703702075766155
7968.0 0.001538163405341087
7968.5 0.0015370795419532297
7969.0 0.0015371725164125974
7969.5 0.0015371478508912173
7970.0 0.0015372409328112857
7970.5 0.0017888872495055292
7971.0 0.0017893488390177724
7971.5 0.0020406869999002476
7972.0 0.0022913482318863703
7972.5 0.0025588758897199184
7973.0 0.002558439458544331
7973.5 0.00255941592400171
7974.0 0.002809813669371097
7974.5 0.002810452524596898
7975.0 0.0030634872409014795
7975.5 0.0033152568508118567
7976.0 0.0035850788240789776
7976.5 0.003585883173809174
7977.0 0.0035863343665385717
7977.5 0.003585961078306221
7978.0 0.0038354821374562056
7978.5 0.0038378340760504347
7979.0 0.004089757292752559
7979.5 0.004090946671487671
7980.0 0.004342090821616434
7980.5 0.004610236945360659
7981.0 0.004863094434550555
7981.5 0.004612211463730883
7982.0 0.004865925926404216
7982.5 0.005119553444791714
7983.0 0.004868404594419319
7983.5 0.005374952660527857
7984.0 0.0053756318544811495
7984.5 0.005379375525063123
7985.0 0.005378754989715945
7985.5 0.005902077527912267
7986.0 0.006154685973803121
7986.5 0.006158351695976583
7987.0 0.006156827835528007
7987.5 0.006411500294843645
7988.0 0.006413413695686148
7988.5 0.006415799516055898
7989.0 0.006419719574000443
7989.5 0.006691223197010693
7990.0 0.0066916208660774594
7990.5 0.006947650330750681
7991.0 0.006948799724340544
7991.5 0.006956516868065716
7992.0 0.007206490339397288
7992.5 0.007477924826382339
7993.0 0.007985199782334815
7993.5 0.008238751011368449
7994.0 0.008240954282173956
7994.5 0.008241119550357275
7995.0 0.00851417384817887
7995.5 0.009021784014976355
7996.0 0.009023923852014178
7996.5 0.009281699115193073
7997.0 0.009557194645653666
7997.5 0.009813515174762519
7998.0 0.010066569353372783
7998.5 0.010323522457889518
7999.0 0.010845178712342014
7999.5 0.01135194280053331
8000.0 0.011619708727918322
8000.5 0.01213316642616785
8001.0 0.012385904091350632
8001.5 0.012653962279604582
8002.0 0.012914903498857088
8002.5 0.013417843184103228
8003.0 0.013945500360927274
8003.5 0.014457736016492704
8004.0 0.015235470341730024
8004.5 0.015754622799298783
8005.0 0.01625954489318926
8005.5 0.01703934429217543
8006.0 0.01756889326835516
8006.5 0.018336699385315038
8007.0 0.018860200772026013
8007.5 0.019631362522853038
8008.0 0.020147645908755347
8008.5 0.020923349865102355
8009.0 0.0217024965543582
8009.5 0.022742167525854097
8010.0 0.023259331498791235
8010.5 0.02428699527616839
8011.0 0.025055159600093076
8011.5 0.02558745978156314
8012.0 0.026348411406805758
8012.5 0.027387476327162805
8013.0 0.028405212652098902
8013.5 0.029198922170349428
8014.0 0.029968924942693414
8014.5 0.03125118090415038
8015.0 0.03204395345696552
8015.5 0.0328210429499377
8016.0 0.034104394295695804
8016.5 0.03514467708807296
8017.0 0.03643671404544021
8017.5 0.037206679910205036
8018.0 0.03849464333178975
8018.5 0.039789455972461224
8019.0 0.04081802299913499
8019.5 0.04208319275097888
8020.0 0.043376614200945726
8020.5 0.04490774806075799
8021.0 0.046182100430421195
8021.5 0.047711681316330884
8022.0 0.048972764765479494
8022.5 0.050530227680269824
8023.0 0.05232164250163397
8023.5 0.053866948055069364
8024.0 0.05566617719584865
8024.5 0.0574863649862583
8025.0 0.05878880043871416
8025.5 0.060362789826137235
8026.0 0.06216946544028272
8026.5 0.06425840430961607
8027.0 0.06606393623400307
8027.5 0.06837703455735702
8028.0 0.07017542895398161
8028.5 0.07247333056361166
8029.0 0.07479925601366288
8029.5 0.0770702560654124
8030.0 0.07914826596811068
8030.5 0.08172567368585382
8031.0 0.08407122078533799
8031.5 0.08637531847858904
8032.0 0.08871669815254045
8032.5 0.0910096057790303
8033.0 0.09360760935759072
8033.5 0.09624520414069497
8034.0 0.09881434693588938
8034.5 0.10164620541319702
8035.0 0.10476420268329445
8035.5 0.10763055619327405
8036.0 0.11044491195529249
8036.5 0.11336576268371291
8037.0 0.11644473611939142
8037.5 0.11951514077694932
8038.0 0.12258050775181978
8038.5 0.1259389125843915
8039.0 0.12909746847828982
8039.5 0.13265463724099444
8040.0 0.13596505749866075
8040.5 0.1395803517096423
8041.0 0.14337145060057765
8041.5 0.14695095838952638
8042.0 0.15020132253730997
8042.5 0.1540018880530675
8043.0 0.15825841394223855
8043.5 0.16211474505079498
8044.0 0.16622764817364233
8044.5 0.1704212588268696
8045.0 0.17416809682303
8045.5 0.17841784785879108
8046.0 0.1827485199857755
8046.5 0.18712504110125805
8047.0 0.1913717453894369
8047.5 0.19593405812341483
8048.0 0.20058942919974132
8048.5 0.20499826167405913
8049.0 0.20953563977603795
8049.5 0.2140962996499679
8050.0 0.21948854041196675
8050.5 0.22393193167516048
8051.0 0.2288900863098623
8051.5 0.2339413513758212
8052.0 0.23894537797674398
8052.5 0.24437108810098804
8053.0 0.24936368642014217
8053.5 0.25481260100655534
8054.0 0.2602960816979118
8054.5 0.26527543258342334
8055.0 0.27031215016671784
8055.5 0.27537074492512764
8056.0 0.28042741277534033
8056.5 0.2855402317648324
8057.0 0.29155106990025853
8057.5 0.2974418318101008
8058.0 0.30357562735104193
8058.5 0.30907580219422465
8059.0 0.3142121554966318
8059.5 0.3200261610033707
8060.0 0.3258635988220418
8060.5 0.3316542422014081
8061.0 0.3378651065273867
8061.5 0.34397009919216665
8062.0 0.34957188511628656
8062.5 0.3550679461058533
8063.0 0.36150999728934036
8063.5 0.3678812551742158
8064.0 0.37425184322752864
8064.5 0.38070354144266444
8065.0 0.38700273951819736
8065.5 0.3938270167496666
8066.0 0.3994009880894397
8066.5 0.4060840212640395
8067.0 0.4122526814571996
8067.5 0.4186777590236393
8068.0 0.42524244644409026
8068.5 0.43161982486255146
8069.0 0.43800840275250974
8069.5 0.44499184197681146
8070.0 0.451192688808772
8070.5 0.45793055769175656
8071.0 0.4651687646179754
8071.5 0.4715391090575128
8072.0 0.4788851779175747
8072.5 0.4850952611978996
8073.0 0.49045010598815403
8073.5 0.497318509715187
8074.0 0.503752590238031
8074.5 0.5103828044031924
8075.0 0.5176061423639593
8075.5 0.5242919310569478
8076.0 0.5310239186372098
8076.5 0.537837710956908
8077.0 0.5440578521982177
8077.5 0.5508391032977464
8078.0 0.5579120679160848
8078.5 0.5652409315834243
8079.0 0.57138063897111
8079.5 0.5776481436282042
8080.0 0.5843113594600825
8080.5 0.5913362705390313
8081.0 0.5982924605062685
8081.5 0.604643556000304
8082.0 0.6115072561427222
8082.5 0.6176016883220278
8083.0 0.6244636194152083
8083.5 0.6311256642328904
8084.0 0.6370981012450255
8084.5 0.6434981041137962
8085.0 0.6502782370983587
8085.5 0.655866032778619
8086.0 0.661925985428193
8086.5 0.6684819140731183
8087.0 0.6741845116910843
8087.5 0.6805476463039453
8088.0 0.6874091039831945
8088.5 0.6942810224535843
8089.0 0.701815795772323
8089.5 0.7079089083900708
8090.0 0.7146204175565375
8090.5 0.7202660315982209
8091.0 0.7262759307342644
8091.5 0.7313143590952688
8092.0 0.7380041891749103
8092.5 0.7435840091675384
8093.0 0.7495018354318954
8093.5 0.7552052979738118
8094.0 0.7610722332338022
8094.5 0.7664567412847212
8095.0 0.7718526342338499
8095.5 0.7782189678752153
8096.0 0.7838157298511629
8096.5 0.7887058790545264
8097.0 0.7932431407635386
8097.5 0.7991416949254266
8098.0 0.8037076427812369
8098.5 0.8092823886236821
8099.0 0.8138820190072447
8099.5 0.8182663836134537
8100.0 0.8226374273587552
8100.5 0.8261671577133431
8101.0 0.8305560535246624
8101.5 0.8352185064088566
8102.0 0.8402306997426142
8102.5 0.8440730698717717
8103.0 0.8486749365827719
8103.5 0.8526715011815827
8104.0 0.8555646824494479
8104.5 0.8593709118145838
8105.0 0.8630391923080111
8105.5 0.866821915503428
8106.0 0.8692255426036146
8106.5 0.8727465551504562
8107.0 0.8766214802554249
8107.5 0.8805367938160032
8108.0 0.8832723045031671
8108.5 0.8863080031601865
8109.0 0.889089904873426
8109.5 0.8922920909993051
8110.0 0.8950858621448535
8110.5 0.8976980377677318
8111.0 0.9005151522468361
8111.5 0.903293595819301
8112.0 0.9052071862950014
8112.5 0.9081854645020865
8113.0 0.9105447286566022
8113.5 0.9128992310525683
8114.0 0.915987119587403
8114.5 0.9178725777781014
8115.0 0.9198563286308887
8115.5 0.922155171398705
8116.0 0.9245988536026194
8116.5 0.9281201268294104
8117.0 0.9295097077646006
8117.5 0.9316015697990812
8118.0 0.932908250841114
8118.5 0.9344614694623683
8119.0 0.9355917347035041
8119.5 0.9372607409289294
8120.0 0.9388219050136284
8120.5 0.9393251579797526
8121.0 0.9400929224025325
8121.5 0.9420153874957432
8122.0 0.944593082631278
8122.5 0.9465048245646848
8123.0 0.9470410428308477
8123.5 0.9478358622798717
8124.0 0.948809008225592
8124.5 0.9501165547807258
8125.0 0.9519591373582357
8125.5 0.9529981186164744
8126.0 0.9549064291307041
8126.5 0.9557631240955375
8127.0 0.9568807598684486
8127.5 0.9580448899005235
8128.0 0.9592543315095584
8128.5 0.9593707080061586
8129.0 0.9608563114484926
8129.5 0.9609043090918002
8130.0 0.9614942522333189
8130.5 0.9626361932553577
8131.0 0.9633364243878204
8131.5 0.9641864449787497
8132.0 0.9643059297329646
8132.5 0.9643863498956453
8133.0 0.9648170933805118
8133.5 0.9651304620533622
8134.0 0.9663822620186526
8134.5 0.9676489890367038
8135.0 0.9678428196123594
8135.5 0.9682523293860805
8136.0 0.9683781721123306
8136.5 0.9699049809669339
8137.0 0.9709587814590206
8137.5 0.9697472583288028
8138.0 0.9700351769958531
8138.5 0.968890133359257
8139.0 0.969496804637221
8139.5 0.9697207499793179
8140.0 0.9700813081345808
8140.5 0.9707552681693339
8141.0 0.9702647215605407
8141.5 0.9697130840144353
8142.0 0.9693834875446888
8142.5 0.9703359535934114
8143.0 0.9707946167502628
8143.5 0.9705857371615069
8144.0 0.9706068200172839
8144.5 0.9710724964204778
8145.0 0.9710320564260281
8145.5 0.9714918851021415
8146.0 0.9726005175897456
8146.5 0.9726605947709093
8147.0 0.9732824154253542
8147.5 0.9733621859167588
8148.0 0.9743449438474937
8148.5 0.9745228562574072
8149.0 0.9754067108980143
8149.5 0.9757501721622027
8150.0 0.975460340239873
8150.5 0.9756194123361678
8151.0 0.9766174623916167
8151.5 0.9772303407458902
8152.0 0.9779529644103391
8152.5 0.9775883585642695
8153.0 0.9777087717211269
8153.5 0.9793014918187982
8154.0 0.9796337487348524
8154.5 0.9805380091654585
8155.0 0.9808090252304602
8155.5 0.981797172791271
8156.0 0.9827192026970731
8156.5 0.9822767305576671
8157.0 0.9825380583210487
8157.5 0.9835782169956654
8158.0 0.9845214110743851
8158.5 0.9858623180226012
8159.0 0.9862435929674976
8159.5 0.9868722761692279
8160.0 0.9875745093737711
8160.5 0.9875523516796672
8161.0 0.9880887597161976
8161.5 0.9884624575644677
8162.0 0.9876571573300934
8162.5 0.9869444304538482
8163.0 0.9881311290819295
8163.5 0.9890078887776513
8164.0 0.9886965580829151
8164.5 0.9897438664862142
8165.0 0.9903119979655656
8165.5 0.9911992025976902
8166.0 0.9911371101897519
8166.5 0.9918748973742745
8167.0 0.9925377923088277
8167.5 0.9929510230118798
8168.0 0.9937744496731103
8168.5 0.9938166665541132
8169.0 0.9941670927873344
8169.5 0.9937301567310215
8170.0 0.9943157846461371
8170.5 0.9951996567363333
8171.0 0.9952210912989246
8171.5 0.9957760053684425
8172.0 0.9954473875078815
8172.5 0.9959844064023002
8173.0 0.9967565176999535
8173.5 0.9972863401592016
8174.0 0.9967914586007757
8174.5 0.9961475339698608
8175.0 0.9961314790769351
8175.5 0.9962101014365583
8176.0 0.9951799583545665
8176.5 0.996201242145828
8177.0 0.9978564311955547
8177.5 0.9988051528593705
8178.0 0.9996031786115336
8178.5 1.0
8179.0 0.9988305326860147
8179.5 0.9982185207571251
8180.0 0.9977608373153952
8180.5 0.9975451320487391
8181.0 0.9974899694415522
8181.5 0.9972025350296633
8182.0 0.9970065466584336
8182.5 0.9968883000374481
8183.0 0.9963010660199475
8183.5 0.9961776351751945
8184.0 0.9961235266584472
8184.5 0.9961467921589887
8185.0 0.9958314542859582
8185.5 0.9955882842860055
8186.0 0.9965074274695803
8186.5 0.9953908905616099
8187.0 0.9960723072132076
8187.5 0.9961282654929761
8188.0 0.9965125420481104
8188.5 0.9961064258321539
8189.0 0.9964953929000963
8189.5 0.995703293602417
8190.0 0.9949896574125621
8190.5 0.994365223635942
8191.0 0.9941336830756127
8191.5 0.994056110742836
8192.0 0.9938286504192697
8192.5 0.9933645365824668
8193.0 0.9920457128596872
8193.5 0.9920627593329637
8194.0 0.9916050094765668
8194.5 0.9920058080972216
8195.0 0.9924952665788729
8195.5 0.993528396920383
8196.0 0.9938589485359369
8196.5 0.9924796731480067
8197.0 0.9917199820511288
8197.5 0.9919802771772402
8198.0 0.9911484808220408
8198.5 0.990329342653676
8199.0 0.9898155529225969
8199.5 0.9897683743797985
8200.0 0.9894055668995345
8200.5 0.9889759941670095
8201.0 0.9897786224129003
8201.5 0.9901148353871078
8202.0 0.9883518083433673
8202.5 0.9881467552934873
8203.0 0.9873149261897574
8203.5 0.9861814432617032
8204.0 0.9855037425960972
8204.5 0.9857686049620952
8205.0 0.9850304547762129
8205.5 0.9845979165982126
8206.0 0.9852602522296783
8206.5 0.9845960969284826
8207.0 0.9847982963905666
8207.5 0.9849157999788026
8208.0 0.9847325184367356
8208.5 0.9842376706053904
8209.0 0.983442076350104
8209.5 0.9825617210044547
8210.0 0.9826870920848693
8210.5 0.9818100953012487
8211.0 0.9804738550814487
8211.5 0.978990335323292
8212.0 0.9787388587413448
8212.5 0.9793390997089988
8213.0 0.9790943277844325
8213.5 0.9785204633196475
8214.0 0.9783382328042106
8214.5 0.9781366704898807
8215.0 0.9772376923052528
8215.5 0.977271777529575
8216.0 0.9761374373736306
8216.5 0.9755403871734161
8217.0 0.9745441663920594
8217.5 0.9737973536239569
8218.0 0.9733661777737843
8218.5 0.9736185726131434
8219.0 0.973262840507888
8219.5 0.9729109005330385
8220.0 0.9735736601001475
8220.5 0.9737749798967655
8221.0 0.9730517783562872
8221.5 0.9730195619516298
8222.0 0.972913467183587
8222.5 0.9736619025951371
8223.0 0.9736406902633229
8223.5 0.9730855520274768
8224.0 0.9731469989768136
8224.5 0.9736836211868887
8225.0 0.9726062243215771
8225.5 0.9715172403139923
8226.0 0.9715773815551904
8226.5 0.9725590669601935
8227.0 0.9729331300666619
8227.5 0.973741774538348
8228.0 0.9729400563657303
8228.5 0.9724417423178489
8229.0 0.9723879992452525
8229.5 0.9720284497447857
8230.0 0.9725802382283679
8230.5 0.9719925188983124
8231.0 0.9719337907286277
8231.5 0.9721912968076623
8232.0 0.9723794288450333
8232.5 0.9721083029543133
8233.0 0.9713881804994248
8233.5 0.9718084333548557
8234.0 0.9720051707293449
8234.5 0.9721305746503612
8235.0 0.9721737230548386
8235.5 0.9723810953319666
8236.0 0.971517831905355
8236.5 0.9705819347694535
8237.0 0.9710968340392777
8237.5 0.9717740059917018
8238.0 0.9704563630056506
8238.5 0.9689142026489141
8239.0 0.9694427707787674
8239.5 0.9681259515729991
8240.0 0.9685031377123051
8240.5 0.9676457026937562
8241.0 0.9684595041966385
8241.5 0.9692816844843073
8242.0 0.9680426743428413
8242.5 0.967101012834019
8243.0 0.9665320290448283
8243.5 0.965897854383501
8244.0 0.9663254532195796
8244.5 0.965994718486614
8245.0 0.9659030662411756
8245.5 0.9661025342393337
8246.0 0.9654796936160157
8246.5 0.965984422872991
8247.0 0.9662775266699413
8247.5 0.9655022041927196
8248.0 0.9663247083732242
8248.5 0.9661641538632249
8249.0 0.9670653706220826
8249.5 0.9669083735887278
8250.0 0.966603057846113
8250.5 0.9655392011925394
8251.0 0.9659107062439941
8251.5 0.9660690527283163
8252.0 0.9663672082313722
8252.5 0.9668263443303724
8253.0 0.9669005976965894
8253.5 0.9666647477008278
8254.0 0.9670493077161149
8254.5 0.9681074165346638
8255.0 0.9670472455905149
8255.5 0.9665961837415564
8256.0 0.9659839506563324
8256.5 0.9664293586663936
8257.0 0.9667241636312743
8257.5 0.9662719090441356
8258.0 0.966719269114395
8258.5 0.9661954053221679
8259.0 0.9662075935419878
8259.5 0.9661358005656415
8260.0 0.9664395575330968
8260.5 0.9670546420700772
8261.0 0.9666880304451233
8261.5 0.9669960275484619
8262.0 0.9676900044001836
8262.5 0.9673276197669626
8263.0 0.9675755381446599
8263.5 0.9672051974231713
8264.0 0.966238049578991
8264.5 0.9667889392733767
8265.0 0.9673303304863602
8265.5 0.9677340490566523
8266.0 0.9690466161155701
8266.5 0.9694525638054111
8267.0 0.9690908267098327
8267.5 0.9687409277222895
8268.0 0.9690647823880995
8268.5 0.9684822172633664
8269.0 0.9681356436369956
8269.5 0.9680892627323967
8270.0 0.9672861608168752
8270.5 0.9670179938601376
8271.0 0.9678060136875561
8271.5 0.969880121236754
8272.0 0.9704333927535038
8272.5 0.9700749198196832
8273.0 0.9705341275264656
8273.5 0.9704776310346298
8274.0 0.9698740880818346
8274.5 0.9698763951073414
8275.0 0.9703356265252132
8275.5 0.9707935544543321
8276.0 0.9698108058533307
8276.5 0.9700332836464955
8277.0 0.9708000674786756
8277.5 0.9701174866522989
8278.0 0.9708014344775111
8278.5 0.9701973088621698
8279.0 0.9705874792094181
8279.5 0.9715032368143602
8280.0 0.97317957106095
8280.5 0.9734317630252004
8281.0 0.972919639971964
8281.5 0.9737838935842288
8282.0 0.9736475409153689
8282.5 0.9739066980732363
8283.0 0.9750620452902654
8283.5 0.9745676465072597
8284.0 0.9742890481788706
8284.5 0.9751503008297413
8285.0 0.9751771534291779
8285.5 0.9746759314547168
8286.0 0.9750632182471105
8286.5 0.9751466472533825
8287.0 0.9745543690284934
8287.5 0.9735750176405715
8288.0 0.9725930004018737
8288.5 0.9722907838059894
8289.0 0.9713167604824886
8289.5 0.9714607889386127
8290.0 0.9721272868602541
8290.5 0.972433432484642
8291.0 0.972806022352019
8291.5 0.9740123398795667
8292.0 0.9752974393940064
8292.5 0.974703182289351
8293.0 0.9752496241285382
8293.5 0.9760103392959053
8294.0 0.9755806045687544
8294.5 0.9756736304506815
8295.0 0.9760658063992493
8295.5 0.9757143619395394
8296.0 0.9746831624345745
8296.5 0.9743864741862699
8297.0 0.9743600350565964
8297.5 0.9732013710687313
8298.0 0.9725180987700233
8298.5 0.9723221397657453
8299.0 0.9718917331751851
8299.5 0.9728129047323479
8300.0 0.9730155637623612
8300.5 0.9722621142976922
8301.0 0.9727680119252324
8301.5 0.9736212986844839
8302.0 0.9752510772900604
8302.5 0.9760727564406176
8303.0 0.9762902857000697
8303.5 0.9770787982655015
8304.0 0.9785065936986815
8304.5 0.979754487964875
8305.0 0.9813834695058077
8305.5 0.9821655121034256
8306.0 0.9830296917109171
8306.5 0.9836769300209958
8307.0 0.9837007960656229
8307.5 0.9832827118105363
8308.0 0.9841346894914618
8308.5 0.9835604735752613
8309.0 0.982981776543654
8309.5 0.9821524843356503
8310.0 0.9819207221445924
8310.5 0.9826565483248275
8311.0 0.9822644871961653
8311.5 0.9832260060543947
8312.0 0.9832945579474623
8312.5 0.9835260593420551
8313.0 0.9836251717454306
8313.5 0.9832961544171183
8314.0 0.9841974403517267
8314.5 0.9845951659526307
8315.0 0.9858296770662377
8315.5 0.9859304542841404
8316.0 0.986018576132132
8316.5 0.9870056348371854
8317.0 0.9871594733074288
8317.5 0.9870825531494917
8318.0 0.9868502207519994
8318.5 0.9867643291788925
8319.0 0.9880330673648896
8319.5 0.9876373611955138
8320.0 0.9879930220233042
8320.5 0.9882697352182926
8321.0 0.9871824027733552
8321.5 0.9863935215762828
8322.0 0.9867355367518462
8322.5 0.9866953388441682
8323.0 0.9862833972458981
8323.5 0.9860079447118835
8324.0 0.9851333708324582
8324.5 0.9850015936386823
8325.0 0.9863065436420195
8325.5 0.9871432291718565
8326.0 0.9882915193488648
8326.5 0.9892098745425352
8327.0 0.9886079249630454
8327.5 0.9889132180380936
8328.0 0.9897505095784034
8328.5 0.9888702391463632
8329.0 0.9886810206984563
8329.5 0.9910812691191685
8330.0 0.9900844978458256
8330.5 0.9895641602572782
8331.0 0.9889742265337427
8331.5 0.9896713983449854
8332.0 0.9899132157892478
8332.5 0.9896962436730199
8333.0 0.9901605500100027
8333.5 0.9905414171957941
8334.0 0.9907595673510801
8334.5 0.9910408889438205
8335.0 0.9899471172527335
8335.5 0.9902118504459639
8336.0 0.990701893402579
8336.5 0.9896053565901216
8337.0 0.9900115727518894
8337.5 0.9909390129303751
8338.0 0.9905087039035794
8338.5 0.9899985667913012
8339.0 0.9906881872807859
8339.5 0.9902546200878168
8340.0 0.9913352313912553
8340.5 0.9917355656081496
8341.0 0.9905394267934029
8341.5 0.9901483048356753
8342.0 0.9890005022643146
8342.5 0.9883381744888687
8343.0 0.9891576871835657
8343.5 0.9877587598054014
8344.0 0.9874673033556505
8344.5 0.9885298337741609
8345.0 0.9893392357647786
8345.5 0.9869052561924607
8346.0 0.9873422895156859
8346.5 0.9877812589169664
8347.0 0.9876781032842761
8347.5 0.9873771615205711
8348.0 0.9865415945090575
8348.5 0.9872854320381175
8349.0 0.985842998802196
8349.5 0.984772359352819
8350.0 0.9831840475915068
8350.5 0.9828027212644104
8351.0 0.9828857834205436
8351.5 0.982436056960811
8352.0 0.9804928911062039
8352.5 0.9802265476130758
8353.0 0.9791249660923924
8353.5 0.9762798927289654
8354.0 0.9754573053894939
8354.5 0.9747931055437049
8355.0 0.974237439869855
8355.5 0.9725410230672912
8356.0 0.97004988345788
8356.5 0.9688601177280523
8357.0 0.9681529304411385
8357.5 0.967120150213473
8358.0 0.966234236763397
8358.5 0.9649553224319801
8359.0 0.962072771123447
8359.5 0.9610618873049587
8360.0 0.9593147488350279
8360.5 0.9567515317664297
8361.0 0.9539751353922772
8361.5 0.9535208980762366
8362.0 0.9526616234720025
8362.5 0.9502870257925202
8363.0 0.9480489267467261
8363.5 0.9455083936043062
8364.0 0.9438406331890652
8364.5 0.9415940570724758
8365.0 0.939449290131541
8365.5 0.9376802317233047
8366.0 0.9365827010621547
8366.5 0.9349142812644593
8367.0 0.9327182458125067
8367.5 0.9318285336389288
8368.0 0.9295088782195683
8368.5 0.9265496631135429
8369.0 0.924575844911823
8369.5 0.9249263827019403
8370.0 0.922087069633415
8370.5 0.920856638750603
8371.0 0.9175776103298631
8371.5 0.9157205179765865
8372.0 0.9138935897430858
8372.5 0.9114302426641816
8373.0 0.9076092564871849
8373.5 0.9047369814165319
8374.0 0.9020646265995169
8374.5 0.8986492624921979
8375.0 0.8957769778758526
8375.5 0.8944674425232408
8376.0 0.8902988041421508
8376.5 0.8875491531021992
8377.0 0.8847039753922995
8377.5 0.8807975703983221
8378.0 0.8752154324819116
8378.5 0.872936134928956
8379.0 0.8690787354751827
8379.5 0.8656715642963061
8380.0 0.862242552171829
8380.5 0.8578263756248758
8381.0 0.8551087103252791
8381.5 0.8518852809101574
8382.0 0.8478378118661973
8382.5 0.8447307221016106
8383.0 0.8401849848768727
8383.5 0.8352744914665764
8384.0 0.8332535405046196
8384.5 0.829409254492692
8385.0 0.8253084563830378
8385.5 0.8206232729474223
8386.0 0.8179116416231272
8386.5 0.8128258262704092
8387.0 0.8091116553351038
8387.5 0.8030453546092594
8388.0 0.7997302049974976
8388.5 0.7965704934635766
8389.0 0.7920772038939551
8389.5 0.7879474310038115
8390.0 0.783305339926466
8390.5 0.7798146830799909
8391.0 0.7755598693010392
8391.5 0.7698187657826437
8392.0 0.7662027365571147
8392.5 0.7609800899572365
8393.0 0.7566894479551329
8393.5 0.7530461111100757
8394.0 0.748923135514631
8394.5 0.744550290039037
8395.0 0.7408573032995298
8395.5 0.7355799982585391
8396.0 0.730052891957091
8396.5 0.7264193952177289
8397.0 0.7207315392041025
8397.5 0.7144767416110527
8398.0 0.7102137115283426
8398.5 0.7038640317418184
8399.0 0.6991231341716105
8399.5 0.694317279146292
8400.0 0.689881339493291
8400.5 0.6863509506671114
8401.0 0.6817479427423284
8401.5 0.6780291355667674
8402.0 0.6720145003253468
8402.5 0.6659449602755226
8403.0 0.6607386599351347
8403.5 0.6579908684365132
8404.0 0.6509932980714275
8404.5 0.6458538314778481
8405.0 0.6408791697771961
8405.5 0.6346714232648
8406.0 0.6302236878420772
8406.5 0.624936597000487
8407.0 0.6191600020439851
8407.5 0.6137022645344808
8408.0 0.6079083921173283
8408.5 0.6034928008320185
8409.0 0.5970709880627453
8409.5 0.5913724507510465
8410.0 0.5856864671660268
8410.5 0.5788557429053679
8411.0 0.5720264547083996
8411.5 0.5666065034555646
8412.0 0.5611007085435677
8412.5 0.5556843792402835
8413.0 0.5503449907323557
8413.5 0.5459428954730282
8414.0 0.5397047219272781
8414.5 0.534805891169803
8415.0 0.5291845776971817
8415.5 0.522208694795441
8416.0 0.5157554643489276
8416.5 0.508614462103102
8417.0 0.503022393703812
8417.5 0.4952601984727937
8418.0 0.4887750789748538
8418.5 0.4840251665517798
8419.0 0.4782081217783359
8419.5 0.4723603934812252
8420.0 0.4663951415434321
8420.5 0.45969134614124146
8421.0 0.4539281930275601
8421.5 0.44826515505107783
8422.0 0.44384605025584317
8422.5 0.4385888777317167
8423.0 0.4334091894018391
8423.5 0.42685749927207667
8424.0 0.42105893523531607
8424.5 0.4149127526641593
8425.0 0.40998886782312455
8425.5 0.404151781474322
8426.0 0.39940540289439397
8426.5 0.39525844887929523
8427.0 0.39013034681537884
8427.5 0.3853603565838548
8428.0 0.3802505251391699
8428.5 0.3736788296976279
8429.0 0.3693384090124477
8429.5 0.3633088319739088
8430.0 0.35773640424553327
8430.5 0.352828508979084
8431.0 0.3481064879604695
8431.5 0.34316801967873317
8432.0 0.338351137728866
8432.5 0.3342332170921065
8433.0 0.3288983318560152
8433.5 0.3242504343751896
8434.0 0.31975603660864876
8434.5 0.3141853548978521
8435.0 0.3092687408575365
8435.5 0.30333034971816336
8436.0 0.299449469410815
8436.5 0.29437265324612394
8437.0 0.2888507318652662
8437.5 0.2848854143952394
8438.0 0.27757140997367286
8438.5 0.271466830825723
8439.0 0.26664708386208125
8439.5 0.26201296918190836
8440.0 0.2573464706498877
8440.5 0.25326705220870693
8441.0 0.24845835675032854
8441.5 0.2434855851390523
8442.0 0.23801134932281037
8442.5 0.23310109161102036
8443.0 0.227428950301155
8443.5 0.22333334419975098
8444.0 0.21877120082226884
8444.5 0.21477593044283658
8445.0 0.20906458999531502
8445.5 0.20651689713217658
8446.0 0.20169872346196643
8446.5 0.19798986882200692
8447.0 0.1931735561257614
8447.5 0.19002044148680988
8448.0 0.18527102443946952
8448.5 0.18062023944727781
8449.0 0.17687185604188635
8449.5 0.17312415803648626
8450.0 0.16899698967063306
8450.5 0.1658153643580825
8451.0 0.16238456819130603
8451.5 0.1594864864868388
8452.0 0.15519907134147937
8452.5 0.15233470735505053
8453.0 0.15013313423146335
8453.5 0.14664004125918298
8454.0 0.14492787443049296
8454.5 0.14190253410581743
8455.0 0.13872568454872508
8455.5 0.1355710035890223
8456.0 0.13284006517010866
8456.5 0.13021798534834159
8457.0 0.12735656354764335
8457.5 0.12541699422981603
8458.0 0.12296690864071301
8458.5 0.11896493533422008
8459.0 0.11775146341680777
8459.5 0.11565909530132161
8460.0 0.1132956634475
8460.5 0.10984783843283599
8461.0 0.10771951241035012
8461.5 0.10409178904538718
8462.0 0.10192347910981578
8462.5 0.09928200169740342
8463.0 0.0973027851969785
8463.5 0.09430291248349208
8464.0 0.09292977865091771
8464.5 0.09059102124064336
8465.0 0.08911011656805064
8465.5 0.08691409025947916
8466.0 0.08437808311174219
8466.5 0.0815249031692565
8467.0 0.07918800236193851
8467.5 0.07767613492082769
8468.0 0.07533882404031975
8468.5 0.07344411816835421
8469.0 0.07104697869852379
8469.5 0.06779845641446651
8470.0 0.066025740410209
8470.5 0.06487804945149538
8471.0 0.06295231002467554
8471.5 0.0615821258070719
8472.0 0.060254066463523104
8472.5 0.057506080275351305
8473.0 0.05683225548337595
8473.5 0.05476910345778598
8474.0 0.05154333345089601
8474.5 0.05062320839513531
8475.0 0.049500868625536626
8475.5 0.04673446344285076
8476.0 0.04501539963011773
8476.5 0.04518873386454809
8477.0 0.04458824397485146
8477.5 0.043603690209548934
8478.0 0.04209229560705548
8478.5 0.04028897253161967
8479.0 0.03962097675036783
8479.5 0.03851598825060821
8480.0 0.03720568596659945
8480.5 0.035241138324234415
8481.0 0.03439113038523607
8481.5 0.03456241718577218
8482.0 0.0324308168138678
8482.5 0.03288990592019025
8483.0 0.031378298707747734
8483.5 0.031362506697389166
8484.0 0.03109356409746815
8484.5 0.030856972437116974
8485.0 0.030219099434052002
8485.5 0.02850426180720255
8486.0 0.027403649781884365
8486.5 0.026108542390744248
8487.0 0.025454616039363772
8487.5 0.023960946115643332
8488.0 0.023970925946519082
8488.5 0.02246580539147431
8489.0 0.021144695901917282
8489.5 0.022179419948591652
8490.0 0.022160556413138754
8490.5 0.023006038156722978
8491.0 0.02219312442852632
8491.5 0.0228441054916711
8492.0 0.0226071723457444
8492.5 0.020502813073050134
8493.0 0.019185035237138146
8493.5 0.0183491224341793
8494.0 0.018762812926225645
8494.5 0.018975615001397387
8495.0 0.01794228503158949
8495.5 0.01899083849215682
8496.0 0.01897035324802827
8496.5 0.018962795457881175
8497.0 0.018137957780319024
8497.5 0.018351657292143813
8498.0 0.01915140294116262
8498.5 0.01765407838120439
8499.0 0.019729318924784838
8499.5 0.018021549248935283
8500.0 0.015935212193659596
8500.5 0.014868860879739897
8501.0 0.015276497467498004
8501.5 0.016734872292791702
8502.0 0.018835985356500145
8502.5 0.01902863372460688
8503.0 0.01837674847270721
8503.5 0.019419325074978958
8504.0 0.017716161891627415
8504.5 0.01769441496296299
8505.0 0.01730394387258759
8505.5 0.015023491475674463
8506.0 0.015642425266476464
8506.5 0.01583115518396488
8507.0 0.01620959876254168
8507.5 0.014127127225513514
8508.0 0.01347953209348186
8508.5 0.01575063701042341
8509.0 0.017001934011785822
8509.5 0.017425429587832216
8510.0 0.015559015932753878
8510.5 0.013283377503799078
8511.0 0.013864270430418853
8511.5 0.01221602341024007
8512.0 0.008517515026015625
8512.5 0.007255158169473452
8513.0 0.007231207386845961
8513.5 0.004548961917625659
8514.0 0.004132018025013691
8514.5 0.005163686598211475
8515.0 0.0031050762309340284
8515.5 0.003925107173767015
8516.0 0.007646524085183684
8516.5 0.006603019002350566
8517.0 0.005987442011146641
8517.5 0.004738789660172122
8518.0 0.0026644630042606445
8518.5 0.002881737486680472
8519.0 0.0030803652724463483
8519.5 0.0
